1035.28515625, 110.87109375, 87.57
1153.4453125, 138.09765625, 87.878
487.171875, 351.546875, 100.647
1105.77734375, 120.84375, 101.623
649.3515625, 469.4375, 102.547
691.67578125, 480.75, 102.759
859.765625, 510.78125, 102.958
699.12109375, 514.484375, 103.139
649.65234375, 516.234375, 103.351
1298.1015625, 849.9296875, 104.323
1311.078125, 832.84375, 104.953
1355.83984375, 841.27734375, 105.475
1368.0703125, 844.43359375, 106.017
1380.40625, 843.375, 106.721
1363.08984375, 851.24609375, 107.585
1374.01953125, 847.2109375, 107.917
1374.73046875, 847.2109375, 108.145
1375.44140625, 846.8515625, 108.373
1375.44140625, 846.8515625, 108.593
1374.72265625, 846.8515625, 108.869
1374.72265625, 846.8515625, 109.105
1374.72265625, 846.8515625, 109.381
1374.72265625, 846.8515625, 109.604
1374.72265625, 846.8515625, 110.335
1374.72265625, 846.8515625, 110.533
1374.72265625, 846.8515625, 110.801
1374.72265625, 846.8515625, 111.273
1374.72265625, 846.8515625, 111.565
1374.72265625, 846.8515625, 112.123
1374.72265625, 846.8515625, 112.359
1374.72265625, 846.8515625, 113.265
1374.72265625, 846.8515625, 113.493
1367.57421875, 851.69921875, 121.093
633.06640625, 574.58203125, 125.221
716.10546875, 618.1796875, 125.435
697.5546875, 594.4765625, 126.146
798.16796875, 644.9921875, 126.374
642.81640625, 628.15234375, 126.618
810.89453125, 653.078125, 126.809
704.5625, 644.671875, 126.991
852.46484375, 673.0546875, 127.211
673.44140625, 644.125, 127.407
776.25, 660.7734375, 128.055
747.58984375, 649.1328125, 128.492
722.1484375, 494.14453125, 129.282
736.30078125, 482.5625, 129.622
660.60546875, 538.3359375, 130.678
656.671875, 556.97265625, 130.882
618.48828125, 567.9609375, 131.967
615.97265625, 569.02734375, 132.156
610.453125, 558.8046875, 132.606
610.80859375, 558.8046875, 132.803
615.78515625, 558.8046875, 133.046
623.328125, 558.8046875, 133.284
623.68359375, 558.8046875, 133.537
624.0390625, 558.8046875, 133.794
698.19921875, 397.80078125, 134.432
673.9765625, 432.03515625, 134.857
634.2734375, 447.57421875, 135.496
583.05078125, 398.05078125, 135.803
581.97265625, 388.6015625, 136.088
578.37890625, 388.95703125, 136.89
563.41796875, 405.59765625, 137.088
559.84375, 411.640625, 137.333
641.3359375, 465.9453125, 138.433
569.93359375, 418.80078125, 139.078
489.34765625, 379.9375, 139.282
455.3203125, 274.515625, 141.314
505.453125, 259.4375, 141.558
522.3359375, 254.9296875, 141.788
672.23046875, 285.1875, 142.252
578.16015625, 247.015625, 142.638
805.1796875, 315.234375, 143.105
600.078125, 201.90625, 143.288
602.90234375, 183.9921875, 144.298
610.15625, 182.390625, 144.516
610.15625, 182.390625, 144.72
624.68359375, 187.56640625, 144.98
668.9921875, 191.19921875, 145.202
725.51953125, 186.5234375, 145.462
732.39453125, 185.33203125, 145.69
635.29296875, 112.125, 146.196
630.48828125, 101.09765625, 146.425
627.62109375, 98.5859375, 146.684
599.421875, 79.61328125, 146.938
597.4609375, 69.07421875, 147.452
874.51953125, 140.05859375, 149.855
962.1640625, 134.5859375, 150.005
1024.515625, 131.57421875, 150.201
987.14453125, 110.39453125, 150.414
847.4921875, 131.8515625, 150.666
813.8984375, 132.984375, 150.878
923.671875, 174.15234375, 151.264
534.390625, 281.58203125, 151.69
265.7890625, 341.140625, 151.896
279.859375, 318.10546875, 152.132
424.23828125, 321.96875, 152.572
437.21875, 402.29296875, 152.784
438.28515625, 403.359375, 152.983
1011.60546875, 205.90234375, 153.676
1020.01171875, 186.6328125, 153.874
1057.20703125, 216.10546875, 154.204
1135.21484375, 264.30859375, 154.434
1141.546875, 268.00390625, 154.638
1086.9765625, 337.48828125, 155.406
761.31640625, 576.87890625, 155.69
928.4296875, 611.17578125, 156.226
553.10546875, 285.9453125, 156.848
763.9609375, 408.27734375, 157.148
942.1484375, 520.1875, 157.354
493.61328125, 165.44140625, 157.805
522.5078125, 151.390625, 157.992
760.98828125, 454.01171875, 158.158
803.5546875, 502.57421875, 158.386
829.0703125, 515.59375, 158.64
854.18359375, 527.31640625, 158.884
856.671875, 534.78125, 159.176
847.53515625, 554.9765625, 159.572
861.34375, 575.1484375, 159.972
639.26953125, 603.40625, 160.484
1123.70703125, 297.81640625, 161.147
1147.171875, 273.671875, 161.368
970.765625, 317.56640625, 162.94
991.1640625, 303.44140625, 163.138
720.75, 220.32421875, 163.538
566.703125, 145.65234375, 163.728
787.1171875, 340.5234375, 165.917
781.37890625, 341.58984375, 166.122
779.2265625, 342.65625, 166.311
811.3359375, 494.83203125, 166.957
817.33984375, 516.21875, 167.114
975.625, 402.23046875, 167.359
706.87109375, 288.859375, 167.842
690.71484375, 309.96484375, 168.037
520.640625, 490.3046875, 168.603
506.890625, 521.828125, 168.769
584.05078125, 420.26953125, 169.26
626.703125, 402.09375, 169.889
641.2890625, 386.57421875, 170.095
1009.203125, 190.6328125, 170.302
1008.4765625, 152.37890625, 170.532
1003.09765625, 149.86328125, 170.775
1001.66015625, 149.86328125, 171.146
1002.7265625, 150.57421875, 171.43
1079.6328125, 184.28515625, 171.682
1080.34375, 185.3515625, 171.932
633.15234375, 350.09765625, 172.381
631.22265625, 367.6015625, 172.671
1010.24609375, 267.28515625, 173.177
1019.06640625, 261.06640625, 173.389
500.89453125, 287.78125, 173.679
766.7890625, 359.56640625, 174.539
862.79296875, 320.15625, 174.745
889.94921875, 306.9296875, 174.941
665.43359375, 483.625, 175.17
591.453125, 551.73828125, 175.421
1012.19921875, 324.21875, 175.673
1098.15234375, 239.578125, 175.887
1268.85546875, 270.41796875, 178.855
1439.98046875, 385.77734375, 180.138
1247.890625, 390.0, 180.957
1368.625, 463.57421875, 181.895
1184.41796875, 483.8828125, 183.531
1391.19921875, 861.55078125, 184.468
1391.19921875, 861.55078125, 184.673
985.484375, 490.2421875, 187.634
1015.84765625, 457.765625, 189.033
1241.1328125, 498.23828125, 190.991
1035.5703125, 528.0703125, 191.749
915.83984375, 244.97265625, 192.277
1050.05078125, 321.953125, 194.525
715.125, 501.8671875, 195.871
712.61328125, 501.8671875, 196.534
709.03125, 501.8671875, 196.785
691.390625, 459.66015625, 197.469
690.23828125, 346.64453125, 199.168
692.7265625, 340.5546875, 199.501
1388.1328125, 865.56640625, 201.434
764.01171875, 817.87890625, 207.856
453.89453125, 252.9609375, 211.743
830.078125, 100.24609375, 213.116
846.44140625, 88.4140625, 213.281
767.91015625, 270.203125, 214.076
733.52734375, 303.765625, 214.256
787.7109375, 118.00390625, 214.746
813.83203125, 59.13671875, 214.928
815.96484375, 58.77734375, 215.188
833.46484375, 59.12890625, 215.59
846.50390625, 170.25390625, 216.022
757.484375, 277.77734375, 216.494
704.625, 462.3125, 216.676
718.78125, 558.1953125, 216.872
1094.2265625, 380.41015625, 217.446
1152.49609375, 319.28515625, 217.645
1098.5, 456.7734375, 217.88
849.33984375, 460.73046875, 218.69
990.53125, 261.4453125, 219.312
1053.9609375, 222.3671875, 219.502
798.875, 453.30859375, 220.004
728.16796875, 472.3984375, 220.438
942.6796875, 150.21484375, 220.674
966.15234375, 134.42578125, 220.846
642.3203125, 301.1171875, 221.085
681.9609375, 354.9140625, 221.392
943.9921875, 258.37890625, 221.738
499.296875, 390.3515625, 222.132
650.33203125, 372.84765625, 222.636
1138.62109375, 242.83984375, 223.322
1173.76171875, 236.56640625, 223.512
1137.8046875, 361.64453125, 223.74
760.1875, 403.421875, 224.386
729.3984375, 365.265625, 224.614
996.8203125, 207.79296875, 225.048
590.4375, 344.20703125, 225.49
848.390625, 313.24609375, 226.018
844.80859375, 314.66796875, 226.232
924.28125, 505.4921875, 226.712
749.0234375, 620.43359375, 228.874
725.26953125, 547.67578125, 229.268
713.8125, 536.578125, 229.474
647.42578125, 383.61328125, 230.135
889.47265625, 243.05859375, 230.324
917.9765625, 261.3984375, 230.702
898.03125, 261.7890625, 231.292
675.984375, 321.578125, 231.504
913.72265625, 192.015625, 232.016
1003.4296875, 196.3359375, 232.198
1009.23828125, 200.83984375, 232.506
410.23828125, 0.79296875, 232.844
463.84375, 189.51171875, 234.56
473.140625, 185.72265625, 234.804
522.4609375, 148.5390625, 235.435
471.69921875, 286.66015625, 236.035
738.70703125, 164.99609375, 236.278
581.22265625, 402.296875, 236.49
568.74609375, 569.94140625, 236.725
947.73046875, 214.82421875, 237.176
705.69921875, 543.69921875, 237.387
1000.11328125, 235.09765625, 237.711
681.74609375, 449.19140625, 237.918
1080.5234375, 210.4375, 238.385
869.16796875, 252.30859375, 238.636
605.19921875, 382.46484375, 238.864
1051.82421875, 191.921875, 239.102
345.66796875, 530.23046875, 239.282
1161.66015625, 259.90234375, 239.454
1213.17578125, 247.62109375, 239.652
1002.47265625, 100.85546875, 239.944
689.5234375, 63.4609375, 240.163
577.42578125, 313.52734375, 240.407
461.42578125, 497.9140625, 241.046
422.96484375, 564.9609375, 241.235
968.6015625, 176.51953125, 241.716
976.6875, 172.89453125, 241.873
616.5390625, 455.52734375, 242.314
968.14453125, 335.91796875, 242.991
525.62890625, 507.66796875, 243.181
1162.68359375, 285.48828125, 243.592
412.7265625, 465.984375, 244.095
1119.1328125, 281.69921875, 245.151
590.05078125, 582.16796875, 245.409
1220.67578125, 407.140625, 245.701
1286.578125, 393.17578125, 245.885
223.5546875, 486.32421875, 246.639
1088.078125, 366.41796875, 247.595
1152.83984375, 367.92578125, 247.777
402.515625, 522.74609375, 248.393
1013.6171875, 222.63671875, 248.653
1058.73828125, 185.6796875, 248.843
334.3671875, 293.3515625, 249.403
873.90234375, 276.60546875, 249.72
926.28515625, 275.88671875, 249.907
606.84375, 207.54296875, 250.309
648.28515625, 186.36328125, 250.523
668.8359375, 167.83203125, 250.727
849.234375, 357.12109375, 251.123
879.55078125, 554.03515625, 251.351
844.0078125, 602.73828125, 251.579
325.15234375, 421.68359375, 251.973
680.328125, 108.9453125, 252.297
802.67578125, 71.66015625, 252.463
863.35546875, 102.27734375, 252.881
1032.8671875, 167.0625, 253.113
1101.4453125, 366.1640625, 253.349
1040.3671875, 553.09375, 253.571
335.3984375, 584.77734375, 254.271
329.0859375, 574.78515625, 254.963
993.33984375, 277.16796875, 255.215
198.64453125, 532.77734375, 255.925
784.3671875, 133.4296875, 256.461
778.3671875, 134.49609375, 256.675
540.44921875, 285.94921875, 256.895
645.109375, 533.20703125, 257.375
640.79296875, 618.515625, 257.558
1026.5625, 179.3125, 257.969
835.79296875, 116.10546875, 258.181
662.54296875, 381.80859375, 258.607
942.2578125, 212.23046875, 258.843
1024.9921875, 141.484375, 259.031
665.1015625, 430.14453125, 259.331
704.5625, 406.26953125, 259.741
703.84375, 406.26953125, 259.929
977.1796875, 292.5546875, 260.315
1017.1484375, 285.96484375, 260.505
993.3828125, 537.48046875, 260.726
1078.97265625, 308.390625, 261.071
1085.8046875, 305.3828125, 261.291
974.81640625, 582.5, 261.987
865.69921875, 658.23828125, 262.287
731.80859375, 555.4765625, 262.595
630.0625, 519.0390625, 262.783
613.8828125, 200.76171875, 263.265
741.0078125, 152.16796875, 263.707
1067.55859375, 167.76171875, 263.905
1124.76953125, 179.84765625, 264.268
990.03125, 431.7265625, 264.959
661.80859375, 439.9453125, 265.787
604.1171875, 416.2421875, 265.985
535.4140625, 350.82421875, 266.302
514.14453125, 298.75390625, 266.545
588.23828125, 263.59375, 267.287
1120.55078125, 409.3671875, 268.361
1183.09375, 442.01953125, 268.519
1183.8046875, 444.5078125, 268.768
1183.8046875, 444.5078125, 269.179
1183.4453125, 442.22265625, 269.455
755.01953125, 175.68359375, 269.835
693.55078125, 145.44921875, 270.047
699.234375, 140.78515625, 270.432
681.58203125, 141.578125, 270.732
650.28515625, 145.9921875, 270.955
647.2578125, 151.58984375, 271.365
645.01953125, 167.9296875, 271.663
527.109375, 335.46875, 271.837
516.4921875, 349.33203125, 272.042
1029.9375, 222.53515625, 272.561
1075.4453125, 223.92578125, 272.752
803.16015625, 478.69921875, 273.121
741.015625, 451.0, 273.593
747.6796875, 465.85546875, 273.844
1046.890625, 364.8671875, 274.069
1099.2890625, 202.80078125, 274.319
1005.73046875, 161.3984375, 274.554
807.40234375, 139.07421875, 274.828
683.609375, 204.41015625, 275.128
798.4765625, 270.546875, 275.752
798.83203125, 497.8984375, 275.989
774.0234375, 516.734375, 276.281
986.01953125, 232.08984375, 276.525
989.02734375, 219.9296875, 276.723
726.671875, 434.82421875, 277.266
849.06640625, 547.7265625, 277.47
845.32421875, 163.76171875, 277.985
848.77734375, 156.5234375, 278.228
785.109375, 436.84765625, 278.752
777.70703125, 526.51171875, 278.925
839.828125, 526.4921875, 279.248
968.0, 517.37109375, 279.463
1027.86328125, 507.24609375, 279.808
923.30859375, 492.375, 280.14
906.80078125, 503.796875, 280.423
907.15625, 503.796875, 280.776
822.75, 485.39453125, 281.068
674.98046875, 472.94921875, 281.272
773.15625, 248.43359375, 281.525
827.99609375, 179.08203125, 281.943
819.33984375, 174.95703125, 282.17
759.234375, 156.9140625, 282.42
722.0234375, 152.77734375, 282.699
658.83203125, 149.65625, 282.974
635.328125, 149.296875, 283.248
621.703125, 157.47265625, 283.508
617.0, 165.9140625, 283.746
611.25390625, 169.46875, 284.006
586.46875, 182.359375, 284.308
508.7890625, 239.69921875, 284.528
475.85546875, 255.32421875, 284.756
473.53515625, 318.67578125, 285.016
923.13671875, 365.0078125, 285.952
965.0546875, 405.37890625, 286.15
407.70703125, 598.02734375, 286.52
908.23046875, 204.65625, 287.142
1032.953125, 162.8984375, 287.332
379.62890625, 520.87890625, 287.713
1058.59375, 248.36328125, 288.208
363.78515625, 497.66015625, 288.824
321.36328125, 520.30078125, 289.037
1039.25390625, 269.87109375, 289.63
384.5625, 424.94921875, 290.44
428.46875, 429.67578125, 290.652
1011.89453125, 269.5078125, 291.124
722.03515625, 368.48828125, 291.353
499.234375, 412.40625, 291.902
973.171875, 281.87109375, 292.382
1048.01171875, 252.25, 292.65
1012.90234375, 279.05859375, 293.328
863.7109375, 603.4921875, 294.004
650.00390625, 576.14453125, 294.723
629.05859375, 254.39453125, 295.323
634.74609375, 241.58203125, 295.55
840.8828125, 199.8125, 295.912
877.03515625, 196.03515625, 296.11
923.9375, 190.09765625, 296.37
770.72265625, 170.3046875, 296.748
632.6171875, 189.16015625, 296.952
533.84765625, 228.87890625, 297.197
523.6484375, 350.35546875, 297.622
506.8359375, 508.9453125, 297.86
777.828125, 274.88671875, 298.088
602.078125, 481.625, 298.412
505.21875, 592.66015625, 298.632
980.3671875, 406.78515625, 298.948
1000.22265625, 389.55078125, 299.152
531.171875, 584.38671875, 299.618
601.9296875, 481.20703125, 299.894
970.05078125, 327.32421875, 300.342
975.4609375, 324.87109375, 300.618
843.51171875, 390.8046875, 301.194
827.12890625, 227.9453125, 301.832
839.90234375, 211.0, 302.047
512.72265625, 254.8671875, 302.282
524.93359375, 386.640625, 302.866
843.90234375, 283.3359375, 303.14
866.21875, 270.85546875, 303.346
764.43359375, 159.37890625, 304.254
767.0546875, 155.4375, 304.521
782.984375, 155.78515625, 304.996
1349.21875, 783.5078125, 306.351
1112.0078125, 440.5703125, 306.989
1112.04296875, 432.51953125, 308.233
726.23046875, 483.41015625, 309.332
891.65625, 256.6015625, 310.731
688.859375, 369.51953125, 311.41
705.55078125, 370.94140625, 311.661
646.6640625, 450.8125, 312.731
952.2109375, 306.19921875, 312.991
972.2265625, 275.7890625, 313.198
729.15234375, 379.72265625, 314.133
576.53125, 413.11328125, 315.819
571.44140625, 453.7421875, 316.515
575.328125, 464.90625, 316.725
625.37890625, 479.73046875, 316.977
932.35546875, 454.078125, 317.333
956.9375, 134.49609375, 318.287
907.3359375, 103.58984375, 318.949
915.80078125, 105.33984375, 319.193
999.29296875, 150.5390625, 319.753
703.2421875, 144.3359375, 320.148
508.625, 352.6171875, 321.085
876.6328125, 276.72265625, 321.868
780.71484375, 454.484375, 322.096
1047.62890625, 339.796875, 322.465
556.0546875, 438.56640625, 323.332
965.640625, 367.09375, 323.926
1043.05859375, 332.74609375, 324.145
894.08203125, 163.10546875, 324.599
642.27734375, 421.8125, 325.007
639.6796875, 433.03125, 325.259
1054.75, 307.73828125, 325.779
1055.4609375, 306.66015625, 326.015
614.69140625, 417.26171875, 326.538
939.9296875, 195.4140625, 327.071
676.35546875, 398.1171875, 327.373
612.9296875, 456.578125, 327.641
581.89453125, 476.4453125, 327.887
563.609375, 476.27734375, 328.141
499.375, 466.1875, 328.377
435.8203125, 422.76171875, 328.605
485.50390625, 154.875, 329.877
610.55859375, 77.12109375, 330.041
835.03515625, 68.3515625, 330.239
978.44140625, 80.3984375, 330.703
982.8515625, 78.6328125, 330.899
984.62890625, 78.98828125, 331.127
1169.4453125, 205.62109375, 331.349
1210.37890625, 206.875, 331.593
916.67578125, 32.15234375, 332.223
938.35546875, 37.765625, 332.494
950.8515625, 40.7265625, 332.745
957.39453125, 40.3671875, 333.005
974.234375, 40.59765625, 333.257
978.2890625, 40.23828125, 333.479
979.0, 40.23828125, 333.873
918.24609375, 34.87109375, 334.117
1055.703125, 99.80859375, 334.857
1219.43359375, 149.44921875, 335.551
1278.3515625, 153.4765625, 335.773
1281.55078125, 153.47265625, 336.033
1281.55078125, 150.60546875, 336.379
1059.390625, 482.3046875, 336.711
1182.546875, 249.0234375, 337.041
1175.0703125, 171.3515625, 337.249
965.734375, 442.55078125, 337.569
941.4609375, 494.7265625, 338.201
832.2109375, 428.4140625, 338.627
1015.359375, 381.953125, 339.023
1018.75390625, 210.0703125, 339.243
966.31640625, 189.00390625, 339.489
812.24609375, 425.92578125, 339.835
772.45703125, 479.42578125, 340.182
762.41015625, 470.8125, 340.419
798.2109375, 191.02734375, 340.765
818.31640625, 170.30859375, 340.979
803.33984375, 158.6484375, 341.569
795.078125, 150.04296875, 341.845
774.26171875, 133.80078125, 342.302
776.75, 133.08203125, 342.548
646.15234375, 195.81640625, 342.758
866.51171875, 263.76171875, 344.098
852.546875, 272.89453125, 344.463
284.48046875, 587.15625, 345.35
709.796875, 665.45703125, 346.272
655.05078125, 565.3828125, 346.634
886.84375, 265.73046875, 346.91
890.38671875, 47.9921875, 347.086
873.48828125, 41.5, 347.292
853.14453125, 39.5390625, 347.576
867.66796875, 432.55859375, 348.253
824.72265625, 545.875, 348.443
867.72265625, 304.60546875, 349.22
891.39453125, 259.63671875, 349.41
622.51953125, 638.94921875, 349.834
805.49609375, 226.16015625, 350.52
730.3046875, 526.234375, 350.804
715.77734375, 548.9140625, 351.032
886.1875, 232.10546875, 351.45
904.66015625, 214.9140625, 351.615
487.265625, 456.859375, 351.962
845.703125, 188.3125, 352.3
857.69921875, 180.140625, 352.482
750.0390625, 602.6171875, 352.97
807.6328125, 175.796875, 353.302
821.36328125, 167.8203125, 353.493
860.98828125, 427.9296875, 354.249
799.25390625, 544.875, 354.594
718.48046875, 147.60546875, 355.226
742.9375, 133.25390625, 355.456
770.46875, 541.6328125, 355.677
642.1171875, 668.78515625, 356.165
595.27734375, 608.72265625, 356.392
715.4296875, 605.03125, 356.818
882.3984375, 238.8828125, 357.14
855.265625, 515.07421875, 357.425
657.95703125, 512.234375, 358.032
679.43359375, 235.8828125, 358.37
791.85546875, 201.81640625, 358.574
928.80078125, 362.671875, 358.818
916.12890625, 188.40625, 359.094
755.4609375, 423.25390625, 359.79
892.765625, 191.33984375, 360.09
924.24609375, 151.58203125, 360.294
723.4765625, 343.82421875, 360.799
683.875, 410.93359375, 360.986
885.171875, 177.16796875, 361.786
893.4921875, 172.3359375, 361.96
839.1796875, 535.8671875, 362.376
851.8125, 646.609375, 363.262
814.70703125, 230.08984375, 363.578
826.46875, 201.1875, 363.776
818.80859375, 199.390625, 364.154
816.29296875, 197.953125, 364.334
822.66796875, 191.3828125, 364.57
622.6015625, 511.26953125, 365.416
654.74609375, 524.0, 366.04
739.3359375, 467.5234375, 366.386
858.265625, 569.30078125, 366.996
873.0546875, 605.2109375, 367.202
849.265625, 605.37109375, 367.392
718.078125, 306.8515625, 367.976
678.19140625, 452.32421875, 368.536
622.93359375, 534.703125, 368.724
613.3125, 541.58984375, 368.97
496.1015625, 614.1328125, 369.404
866.27734375, 485.62890625, 370.194
1145.87890625, 384.16015625, 370.4
1166.57421875, 370.0234375, 370.636
955.6484375, 180.74609375, 371.046
824.53125, 295.625, 371.575
872.99609375, 219.62890625, 372.032
675.17578125, 336.6875, 373.272
654.90234375, 348.70703125, 373.658
723.61328125, 449.42578125, 374.22
707.5703125, 538.08984375, 374.417
707.5703125, 546.3203125, 374.669
703.8515625, 547.55078125, 374.938
695.4765625, 548.60546875, 375.192
686.8671875, 546.4375, 375.782
664.26171875, 543.9375, 376.06
579.34375, 499.26171875, 376.304
570.33984375, 502.26953125, 376.625
762.44140625, 399.87109375, 377.154
736.19140625, 323.7890625, 377.564
674.70703125, 488.51953125, 380.411
782.15234375, 459.42578125, 380.939
775.50390625, 378.7109375, 381.499
495.875, 404.37109375, 382.059
475.9609375, 413.0859375, 382.255
746.6015625, 401.69140625, 382.563
927.87890625, 234.13671875, 382.856
613.81640625, 269.11328125, 383.03
961.41796875, 353.16796875, 383.723
1123.74609375, 296.27734375, 383.906
1023.30859375, 153.2734375, 384.101
1020.80078125, 149.34375, 384.329
1167.859375, 337.33203125, 385.118
479.16796875, 415.54296875, 385.629
949.31640625, 181.6015625, 386.04
502.296875, 463.44140625, 386.329
995.9296875, 177.2578125, 386.859
857.21484375, 114.5703125, 387.095
714.4296875, 127.39453125, 387.527
523.15625, 290.7265625, 388.025
481.2109375, 357.35546875, 388.249
472.5390625, 370.87890625, 388.593
763.44140625, 209.8046875, 388.829
873.4765625, 190.234375, 389.373
849.96484375, 200.109375, 389.815
811.23046875, 241.41015625, 390.003
674.73046875, 456.99609375, 390.437
557.40234375, 624.640625, 390.667
555.96484375, 622.12890625, 390.919
544.71875, 621.20703125, 391.163
763.89453125, 338.5859375, 393.733
491.921875, 446.59375, 394.715
1169.4140625, 261.87109375, 395.291
1237.28515625, 218.31640625, 396.049
1242.1796875, 195.37109375, 396.269
1237.90234375, 185.921875, 396.483
1238.2578125, 185.921875, 396.775
1237.33984375, 281.9765625, 398.019
1237.6953125, 281.2578125, 398.507
1168.75, 192.2265625, 399.083
1081.42578125, 113.7578125, 399.309
996.98046875, 75.77734375, 400.303
998.37890625, 67.5234375, 400.987
999.4453125, 67.1640625, 401.311
995.85546875, 55.69140625, 401.611
995.85546875, 55.69140625, 401.847
995.85546875, 55.69140625, 402.1
989.7578125, 50.30859375, 402.343
972.50390625, 41.08203125, 402.573
970.703125, 41.08203125, 402.777
628.42578125, 362.93359375, 404.287
585.984375, 369.734375, 404.485
809.43359375, 141.8125, 405.295
997.48046875, 286.875, 406.239
679.39453125, 533.37890625, 406.737
862.53515625, 228.41796875, 407.85
797.5, 347.1875, 408.884
766.78515625, 428.59375, 409.075
805.25, 91.1875, 409.667
969.69140625, 184.40234375, 410.282
908.09375, 414.7265625, 411.236
772.56640625, 547.90234375, 411.977
774.98046875, 241.55859375, 412.473
696.3203125, 466.75, 413.182
666.625, 523.4921875, 413.396
978.265625, 251.84765625, 414.05
1024.55859375, 210.23828125, 414.208
1024.55859375, 210.23828125, 414.602
948.5859375, 145.5234375, 414.926
673.80078125, 323.36328125, 415.59
669.35546875, 359.18359375, 415.802
973.34375, 93.51171875, 416.234
650.25390625, 432.3046875, 417.094
646.25, 450.08203125, 417.37
907.93359375, 163.8984375, 417.992
621.8515625, 514.17578125, 418.379
924.21484375, 201.890625, 419.136
509.27734375, 292.3828125, 419.603
592.56640625, 216.62109375, 419.862
695.98046875, 171.89453125, 420.101
825.7578125, 225.44140625, 420.634
559.89453125, 536.97265625, 421.328
958.28515625, 618.125, 421.972
974.6640625, 610.46875, 422.196
974.6640625, 592.515625, 422.638
686.8359375, 197.4375, 423.345
608.17578125, 190.41796875, 423.559
670.75390625, 332.6015625, 424.095
642.4453125, 368.828125, 424.3
688.046875, 148.8203125, 424.776
681.4921875, 94.1640625, 425.018
667.5625, 84.96875, 425.272
655.36328125, 83.171875, 425.533
901.11328125, 460.109375, 426.436
937.734375, 574.609375, 426.902
926.05859375, 557.05078125, 427.178
940.81640625, 407.43359375, 427.894
995.7578125, 415.0078125, 428.122
669.9453125, 236.41015625, 428.329
1037.9765625, 438.125, 429.076
1042.4453125, 500.140625, 429.862
927.734375, 402.4140625, 430.487
928.9140625, 355.15625, 430.7
899.71875, 189.9140625, 431.336
868.08984375, 180.40234375, 431.66
860.78125, 174.3359375, 431.858
1407.734375, 834.99609375, 435.716
661.6328125, 437.86328125, 440.25
689.28515625, 516.26953125, 440.762
669.58203125, 536.1171875, 441.306
960.453125, 207.82421875, 441.528
844.125, 550.9296875, 442.301
852.19921875, 233.984375, 442.939
681.55078125, 421.44921875, 443.224
867.6484375, 227.52734375, 443.798
869.0703125, 222.8671875, 444.003
612.625, 431.81640625, 445.057
813.73046875, 123.1484375, 445.539
812.109375, 515.90625, 446.223
639.18359375, 274.01953125, 446.577
644.3046875, 271.33984375, 446.821
876.0546875, 440.45703125, 447.233
767.98046875, 127.8984375, 447.783
422.87109375, 286.26171875, 448.349
423.58203125, 286.26171875, 448.609
945.44140625, 298.328125, 448.995
692.671875, 416.25390625, 449.644
639.01953125, 412.21484375, 449.823
840.625, 317.171875, 450.218
988.1796875, 340.76171875, 450.423
1061.38671875, 470.65625, 450.651
1013.6171875, 519.94140625, 451.094
940.08984375, 587.53125, 451.305
776.9609375, 227.01171875, 451.841
530.0078125, 189.47265625, 452.023
503.4375, 305.09375, 452.543
518.27734375, 318.390625, 452.979
515.625, 347.7734375, 453.245
504.12109375, 344.765625, 453.497
499.9453125, 350.23828125, 453.819
592.94921875, 405.6796875, 454.08
609.3984375, 415.921875, 454.317
534.7734375, 389.03515625, 454.933
973.87890625, 393.578125, 455.445
1039.84375, 405.19140625, 455.651
1052.36328125, 415.828125, 455.905
844.0859375, 32.25, 456.541
851.6953125, 28.13671875, 456.809
853.47265625, 27.77734375, 457.085
855.9609375, 26.69921875, 457.345
897.32421875, 55.48046875, 457.581
902.7265625, 63.2109375, 457.811
903.4375, 63.2109375, 458.025
903.4375, 63.2109375, 458.237
1397.77734375, 843.30859375, 459.75
1365.05078125, 838.26171875, 464.409
691.4453125, 316.7421875, 472.301
878.97265625, 367.27734375, 477.195
1013.37890625, 361.50390625, 477.882
1395.109375, 893.734375, 481.968
1038.3203125, 356.84765625, 482.92
1039.03125, 356.84765625, 483.141
1420.125, 888.90625, 484.414
1406.61328125, 878.421875, 484.808
1101.07421875, 117.40234375, 485.706
1411.82421875, 868.0, 487.746
1232.68359375, 742.75390625, 490.417
1408.29296875, 837.66015625, 500.12
656.37890625, 538.90625, 508.279
933.44140625, 592.2578125, 508.704
988.55078125, 593.4140625, 508.902
604.3046875, 399.4765625, 509.264
617.77734375, 408.44140625, 509.485
903.7109375, 524.58203125, 509.917
904.77734375, 525.6484375, 510.123
904.77734375, 526.71484375, 510.375
791.984375, 578.8203125, 510.62
782.08984375, 601.68359375, 510.841
711.1875, 605.76953125, 511.053
673.0234375, 614.44921875, 511.266
756.171875, 49.0546875, 512.305
753.8828125, 47.62109375, 512.479
643.08984375, 77.859375, 513.109
557.35546875, 133.37109375, 513.313
594.58203125, 440.93359375, 513.777
897.6328125, 369.2265625, 514.433
625.375, 366.37109375, 514.693
852.8828125, 169.640625, 514.953
870.25, 374.25, 515.639
712.92578125, 647.10546875, 516.113
858.93359375, 431.7265625, 516.641
673.828125, 487.62109375, 517.109
1080.9609375, 239.640625, 517.591
873.296875, 351.16796875, 518.009
540.9765625, 471.42578125, 518.613
911.02734375, 522.14453125, 521.073
736.9453125, 420.83203125, 521.835
705.93359375, 431.4921875, 522.435
711.91796875, 384.890625, 523.869
490.40234375, 123.7890625, 524.703
452.42578125, 55.953125, 525.223
452.42578125, 55.953125, 525.917
844.76171875, 122.78515625, 526.895
1294.359375, 296.84765625, 527.583
602.2109375, 175.18359375, 528.047
1180.828125, 292.37109375, 529.111
1276.44140625, 458.1484375, 529.977
1228.33984375, 508.51171875, 530.221
1071.96484375, 469.828125, 530.749
852.95703125, 398.39453125, 531.349
932.546875, 416.87109375, 531.799
957.8203125, 188.76953125, 532.715
786.28125, 543.75, 533.265
651.8125, 456.71484375, 535.611
526.515625, 447.1796875, 536.685
425.12109375, 296.8046875, 537.071
1076.7890625, 252.8203125, 539.367
1090.265625, 167.09375, 539.542
1099.5859375, 164.96484375, 539.744
1092.734375, 141.96875, 540.202
1076.6953125, 119.9453125, 540.842
1074.5390625, 116.359375, 541.188
1073.4609375, 116.359375, 541.528
1103.2578125, 127.25390625, 541.758
1009.7421875, 401.6953125, 542.324
967.99609375, 418.34765625, 542.609
866.1640625, 408.09765625, 542.955
1109.3125, 253.09765625, 543.707
1077.6640625, 260.59765625, 544.503
971.5546875, 261.6953125, 545.206
1312.35546875, 228.109375, 545.67
1126.41015625, 366.96484375, 545.963
805.421875, 595.7265625, 547.408
1088.6640625, 249.7421875, 547.985
1065.14453125, 154.99609375, 548.818
675.62890625, 504.1171875, 549.189
677.7109375, 582.71484375, 550.512
610.35546875, 546.15625, 550.98
584.7734375, 543.94921875, 551.326
508.046875, 504.59765625, 551.546
625.26953125, 376.015625, 552.478
828.625, 304.125, 552.92
719.79296875, 339.45703125, 553.354
575.03125, 247.984375, 554.254
963.49609375, 377.8515625, 554.666
855.234375, 265.94921875, 555.504
719.453125, 424.8359375, 556.014
980.6640625, 345.81640625, 556.796
926.30078125, 192.5, 558.288
629.52734375, 41.25390625, 559.196
793.25, 128.2890625, 560.459
1166.828125, 214.51171875, 560.624
704.4453125, 467.97265625, 561.382
686.6171875, 633.37109375, 561.94
750.08984375, 644.24609375, 562.154
783.55859375, 644.1171875, 562.35
593.8828125, 587.21875, 562.856
918.02734375, 216.08984375, 563.43
293.3671875, 331.19140625, 563.967
417.0625, 222.33203125, 564.156
497.89453125, 163.234375, 564.384
741.36328125, 205.0859375, 565.298
695.8359375, 187.67578125, 566.258
672.09375, 175.01953125, 566.488
677.37890625, 169.17578125, 566.746
677.015625, 166.53125, 567.236
677.17578125, 117.52734375, 567.456
595.06640625, 238.359375, 567.917
1051.28515625, 532.4609375, 570.134
636.1171875, 526.60546875, 570.708
1006.75, 341.28125, 571.598
886.20703125, 504.0625, 571.998
1029.54296875, 277.14453125, 572.522
1072.27734375, 144.92578125, 572.709
1051.5234375, 116.9765625, 572.923
993.8203125, 50.8828125, 573.16
1008.359375, 50.40625, 573.388
1035.9140625, 406.8515625, 574.269
1069.2578125, 439.80859375, 574.468
1060.89453125, 534.890625, 574.671
614.26953125, 322.30078125, 574.971
846.28515625, 629.3515625, 575.2
412.98046875, 281.68359375, 575.903
464.26953125, 250.53515625, 576.148
557.5078125, 138.140625, 576.345
805.828125, 127.22265625, 577.251
920.734375, 83.3515625, 577.426
927.6328125, 85.48046875, 577.709
946.109375, 99.96484375, 577.978
749.85546875, 22.71484375, 578.467
1167.484375, 207.80078125, 578.789
637.9453125, 0.0, 579.217
634.7109375, 0.0, 579.438
632.54296875, 0.0, 579.785
609.484375, 11.48828125, 580.464
630.25390625, 59.48046875, 581.313
629.89453125, 60.19140625, 581.557
630.9609375, 60.546875, 581.826
623.484375, 55.76171875, 582.053
613.31640625, 54.703125, 582.281
610.80078125, 54.3359375, 582.519
612.22265625, 52.8984375, 582.801
614.0, 51.8203125, 583.109
615.06640625, 51.10546875, 583.385
515.45703125, 39.1015625, 583.637
452.41015625, 22.3125, 583.852
457.03125, 19.80078125, 584.16
459.1640625, 18.72265625, 584.419
463.21875, 16.76171875, 584.672
479.703125, 10.515625, 584.939
502.796875, 5.76171875, 585.169
548.37890625, 0.16796875, 585.405
580.72265625, 2.7109375, 585.713
713.59765625, 0.0, 585.955
713.59765625, 0.0, 586.185
713.59765625, 0.0, 586.453
803.109375, 12.1015625, 586.869
838.8046875, 16.1953125, 587.091
891.25, 16.55078125, 587.485
897.08203125, 11.91796875, 587.697
906.46875, 5.30859375, 587.926
905.21875, 0.0, 588.169
900.9140625, 0.0, 588.399
891.23046875, 0.0, 588.619
865.765625, 0.0, 588.831
797.4453125, 0.0, 589.107
805.3125, 0.0, 589.313
839.96875, 3.36328125, 589.543
922.58984375, 13.5625, 589.747
922.9453125, 13.5625, 589.977
1400.88671875, 828.140625, 591.801
403.61328125, 621.05078125, 604.601
752.9609375, 739.21875, 607.154
840.1796875, 382.15625, 609.096
840.1796875, 382.15625, 609.304
840.1796875, 382.15625, 609.526
840.1796875, 382.15625, 609.746
839.8203125, 382.15625, 609.998
839.8203125, 382.15625, 610.221
839.4609375, 382.51171875, 610.432
839.4609375, 382.51171875, 610.639
839.4609375, 382.51171875, 610.812
839.4609375, 382.51171875, 610.994
1432.59375, 875.3984375, 611.34
1417.06640625, 868.41015625, 611.782
1101.046875, 117.1953125, 613.214
1365.421875, 834.42578125, 614.23
1232.0078125, 516.0, 615.045
1369.59765625, 731.1328125, 615.4
1392.0, 899.0, 615.88
1367.90234375, 842.140625, 616.338
1413.796875, 887.3828125, 617.757
1398.6953125, 870.671875, 618.174
1335.83984375, 785.32421875, 618.552
1327.125, 755.5546875, 626.216
1380.44921875, 865.890625, 632.739
1320.7109375, 771.31640625, 634.226
1367.328125, 866.75390625, 638.673
1372.5703125, 869.80078125, 641.411
476.15234375, 561.703125, 642.825
473.99609375, 565.61328125, 643.022
640.93359375, 561.02734375, 643.84
785.3828125, 422.453125, 644.218
890.9765625, 450.53125, 644.415
642.9765625, 478.99609375, 644.809
573.5234375, 558.15234375, 645.233
542.3359375, 639.18359375, 645.518
436.3515625, 284.75, 646.123
386.6640625, 329.93359375, 646.335
378.59375, 341.21875, 646.572
419.140625, 456.875, 646.784
965.6875, 117.42578125, 647.661
1140.4375, 110.91796875, 647.873
1140.79296875, 111.2734375, 648.109
938.09765625, 0.0, 648.466
1103.94921875, 104.12890625, 648.734
984.1640625, 387.2890625, 649.206
961.12890625, 435.80078125, 649.401
843.24609375, 480.6171875, 649.637
797.0, 508.00390625, 649.851
1239.07421875, 493.25390625, 650.079
1257.70703125, 202.7734375, 650.27
696.03515625, 190.27734375, 650.964
621.2421875, 186.35546875, 651.201
522.68359375, 353.6015625, 651.453
411.4609375, 409.37890625, 651.673
392.3046875, 409.375, 651.925
346.44921875, 473.171875, 652.547
1007.71875, 296.6640625, 653.453
740.30859375, 408.3984375, 653.657
1035.96875, 360.75390625, 653.863
1065.6953125, 396.90234375, 654.043
552.05859375, 380.0078125, 654.24
612.28125, 291.48046875, 654.669
1049.41015625, 300.90234375, 654.874
478.6171875, 357.76953125, 655.055
1083.0078125, 324.26171875, 655.227
1003.47265625, 273.9296875, 655.409
858.38671875, 18.3515625, 656.599
850.7265625, 16.19921875, 656.873
821.9921875, 4.48828125, 657.095
761.83203125, 0.0, 657.346
703.25, 0.0, 657.631
734.37890625, 5.6328125, 658.129
704.546875, 11.734375, 659.038
791.61328125, 158.921875, 659.964
997.82421875, 489.2578125, 660.341
1008.203125, 647.9765625, 661.376
682.83203125, 324.45703125, 661.867
1100.359375, 652.1328125, 662.269
854.11328125, 563.1640625, 663.27
390.9296875, 244.75390625, 663.594
663.5234375, 495.26171875, 664.605
675.48046875, 608.3984375, 665.684
1007.15234375, 531.94921875, 666.26
1305.078125, 342.9296875, 666.44
998.234375, 427.5703125, 667.721
1156.7890625, 284.96875, 668.411
1158.09375, 249.125, 668.593
962.34765625, 508.33984375, 669.06
973.85546875, 224.12890625, 670.019
817.2578125, 324.91796875, 670.847
722.39453125, 482.37109375, 671.043
687.30078125, 480.1875, 671.295
769.109375, 131.94921875, 671.587
782.015625, 116.23828125, 671.785
808.4765625, 124.00390625, 672.281
813.06640625, 529.08984375, 672.507
963.89453125, 99.62109375, 673.134
981.84375, 136.58203125, 673.708
837.1953125, 303.5078125, 674.641
692.3671875, 493.34375, 675.816
1055.1875, 241.3984375, 676.438
687.015625, 353.51953125, 676.793
823.625, 348.6953125, 677.573
922.6640625, 382.5703125, 677.742
582.09765625, 215.859375, 678.133
376.234375, 217.5859375, 678.694
301.6171875, 237.640625, 678.882
301.6171875, 237.640625, 679.19
908.60546875, 129.296875, 679.53
925.15625, 108.40234375, 679.726
803.16796875, 373.62109375, 680.066
917.8515625, 529.3125, 680.523
623.41015625, 387.23046875, 680.777
578.73828125, 294.234375, 680.978
1052.31640625, 382.73828125, 681.327
1031.5546875, 241.1640625, 682.16
883.0546875, 403.21875, 682.661
665.62890625, 344.6171875, 683.315
592.484375, 344.6484375, 683.797
581.66015625, 412.625, 684.186
590.18359375, 476.5546875, 684.438
1071.421875, 372.8203125, 684.635
751.5, 89.234375, 685.194
803.75390625, 440.1484375, 685.501
798.9921875, 501.6015625, 685.707
733.62109375, 129.36328125, 685.922
727.71484375, 112.16796875, 686.111
834.97265625, 531.98828125, 686.48
868.21875, 499.140625, 687.528
657.953125, 510.60546875, 688.48
642.44921875, 524.30078125, 689.18
1085.640625, 252.0, 689.952
614.48828125, 213.9296875, 690.75
499.13671875, 321.375, 691.43
1221.56640625, 322.84375, 691.872
503.87890625, 255.82421875, 693.936
663.7890625, 213.89453125, 694.196
794.18359375, 444.92578125, 694.432
750.61328125, 374.62109375, 694.762
831.390625, 177.6484375, 695.196
904.99609375, 333.01953125, 695.786
543.375, 422.43359375, 696.141
427.4375, 477.69921875, 696.346
359.84765625, 358.56640625, 696.84
765.19921875, 206.625, 697.283
959.703125, 98.125, 697.971
579.22265625, 53.328125, 699.557
762.34375, 25.2109375, 700.197
844.8203125, 18.7734375, 700.363
880.07421875, 573.859375, 700.905
931.8046875, 558.82421875, 701.83
793.80859375, 539.83203125, 702.58
985.109375, 364.24609375, 702.939
572.921875, 418.97265625, 703.759
1020.59765625, 315.75390625, 704.223
998.05078125, 158.6953125, 704.443
1004.609375, 273.6328125, 706.245
470.671875, 329.765625, 706.499
968.59765625, 294.84375, 706.853
1043.15625, 350.13671875, 707.082
640.10546875, 362.5859375, 708.681
957.578125, 347.26953125, 709.465
789.90234375, 222.26171875, 710.065
681.91015625, 238.08203125, 710.687
855.70703125, 199.74609375, 711.067
805.61328125, 310.55859375, 711.432
877.3984375, 223.10546875, 714.405
648.22265625, 226.7578125, 715.167
1037.12890625, 297.88671875, 715.499
638.28125, 272.19140625, 715.689
1077.19140625, 302.94921875, 715.878
743.48046875, 290.79296875, 716.059
1051.47265625, 240.3515625, 718.144
939.45703125, 333.671875, 720.845
804.19921875, 337.46875, 721.065
411.9453125, 630.0078125, 722.41
732.73046875, 369.72265625, 722.843
734.5078125, 382.9296875, 723.057
907.015625, 270.609375, 723.666
824.60546875, 303.65625, 724.313
988.1484375, 520.0390625, 725.56
732.37890625, 498.6015625, 726.001
302.8046875, 465.8359375, 726.347
838.3125, 502.1953125, 726.953
889.34375, 556.96875, 727.167
837.328125, 105.140625, 727.395
736.125, 241.24609375, 727.711
859.60546875, 356.35546875, 728.161
666.58984375, 574.421875, 728.333
665.15234375, 575.1328125, 728.537
559.03125, 387.90625, 729.049
607.07421875, 337.421875, 729.231
890.2578125, 156.0546875, 729.665
901.875, 149.5, 729.886
925.27734375, 155.16015625, 730.231
931.109375, 154.98828125, 730.499
932.1953125, 153.765625, 730.735
932.5703125, 148.1171875, 730.973
942.16796875, 140.25, 731.225
918.4453125, 106.81640625, 731.461
812.5078125, 260.37109375, 731.715
670.64453125, 462.875, 732.229
654.61328125, 530.96875, 732.489
656.5546875, 534.3125, 732.685
977.4140625, 334.76953125, 732.945
1001.89453125, 305.73828125, 733.121
922.28125, 257.56640625, 733.527
772.0390625, 210.23046875, 733.761
753.6171875, 317.89453125, 734.957
850.71875, 463.2421875, 735.58
801.83984375, 197.859375, 736.237
798.57421875, 557.53515625, 736.875
609.22265625, 287.76171875, 737.523
672.26171875, 214.40234375, 737.69
867.69921875, 218.8828125, 738.194
769.8984375, 503.9140625, 738.649
733.83203125, 214.66015625, 739.235
901.9921875, 355.671875, 739.779
533.69140625, 261.796875, 740.545
925.046875, 338.40625, 740.945
914.296875, 278.2578125, 741.767
749.16796875, 509.4609375, 742.633
638.78515625, 554.15234375, 743.423
525.25390625, 509.0, 744.117
540.265625, 593.6875, 744.605
527.44921875, 615.23046875, 744.803
526.37109375, 617.0078125, 745.053
669.52734375, 215.74609375, 746.194
624.02734375, 387.078125, 746.833
853.30078125, 135.5859375, 748.005
752.84765625, 550.47265625, 748.973
883.3515625, 155.3125, 749.511
797.38671875, 495.640625, 751.604
724.87109375, 252.92578125, 752.146
771.921875, 525.1484375, 752.516
702.41015625, 537.546875, 753.706
954.6796875, 219.390625, 755.401
777.890625, 540.0546875, 756.022
787.81640625, 541.328125, 756.395
689.078125, 221.84375, 757.517
715.8125, 205.6484375, 757.729
804.99609375, 210.19140625, 758.098
880.0390625, 274.1484375, 758.328
933.1640625, 411.70703125, 758.72
944.1171875, 418.08203125, 758.903
948.19140625, 421.78125, 759.106
956.96484375, 380.01171875, 759.305
588.65625, 393.18359375, 759.928
585.8125, 385.60546875, 760.106
928.87109375, 304.00390625, 761.04
726.546875, 488.6640625, 761.694
712.4765625, 521.31640625, 762.468
716.82421875, 547.94140625, 762.672
610.7578125, 603.828125, 763.042
827.16015625, 680.78515625, 763.238
899.8671875, 184.91015625, 764.256
831.57421875, 91.75390625, 764.462
788.98046875, 59.11328125, 764.697
775.53125, 54.8671875, 764.932
775.88671875, 53.4296875, 765.178
775.5234375, 49.48828125, 765.438
769.1640625, 43.265625, 765.69
810.01171875, 43.1953125, 766.022
857.21484375, 34.50390625, 766.228
859.34765625, 35.21484375, 766.495
861.125, 34.140625, 766.739
897.66015625, 20.078125, 766.982
899.4375, 20.7890625, 767.542
1379.99609375, 866.140625, 773.922
1402.24609375, 844.2578125, 775.228
689.03125, 316.08984375, 778.245
1095.3046875, 114.18359375, 779.204
1439.98046875, 891.16796875, 780.254
1413.46875, 834.90625, 785.218
1408.59375, 856.859375, 787.697
1404.0625, 840.57421875, 792.383
1404.84765625, 832.30078125, 803.533
899.078125, 399.671875, 807.521
810.9921875, 584.25390625, 808.027
665.45703125, 669.73828125, 808.209
651.203125, 690.08984375, 808.397
651.203125, 690.08984375, 808.635
629.1484375, 692.44921875, 808.927
515.8046875, 697.640625, 809.155
553.37109375, 679.60546875, 810.698
554.4296875, 680.6640625, 810.871
349.25, 533.375, 811.489
352.23828125, 532.65625, 811.655
718.62109375, 478.11328125, 813.107
962.84765625, 299.7109375, 813.941
924.6328125, 247.53125, 814.115
949.45703125, 243.88671875, 814.279
950.87890625, 243.52734375, 814.462
942.12890625, 240.765625, 814.665
878.3828125, 265.640625, 814.879
1000.8203125, 129.30078125, 815.739
687.44921875, 113.8359375, 816.039
752.01171875, 446.62109375, 816.623
722.93359375, 422.3828125, 816.797
737.7734375, 503.4375, 816.963
829.30859375, 518.3203125, 817.221
893.8359375, 514.03515625, 817.419
862.3671875, 519.05078125, 817.633
849.3203125, 520.96875, 817.933
850.7421875, 518.1015625, 818.191
753.73046875, 511.6171875, 818.429
668.1171875, 413.12109375, 818.893
441.75, 389.72265625, 819.399
373.51171875, 431.6953125, 819.588
363.02734375, 326.9765625, 820.489
388.37890625, 293.18359375, 820.668
764.32421875, 344.55859375, 821.236
485.0390625, 240.265625, 821.676
428.9375, 256.0, 821.896
895.6328125, 367.15625, 822.597
814.46875, 466.52734375, 822.835
679.45703125, 511.35546875, 823.062
463.9140625, 394.48046875, 823.346
391.65234375, 202.9375, 823.546
395.90234375, 161.46875, 823.796
407.453125, 156.4921875, 824.056
452.00390625, 116.54296875, 824.403
476.2421875, 74.47265625, 824.618
491.15234375, 63.68359375, 824.848
502.9765625, 41.390625, 825.062
620.9453125, 151.51953125, 826.465
852.53515625, 475.58203125, 826.82
623.29296875, 617.83984375, 829.519
594.97265625, 621.45703125, 829.708
490.8046875, 608.953125, 830.236
920.24609375, 152.81640625, 831.118
922.0234375, 125.78515625, 831.3
926.3828125, 422.7109375, 831.655
974.3046875, 481.55078125, 831.867
589.44140625, 599.09375, 832.12
1026.390625, 394.6796875, 832.348
849.69140625, 645.94140625, 832.531
548.9453125, 567.578125, 832.892
586.859375, 341.96484375, 833.398
1125.39453125, 229.09375, 833.862
1136.9609375, 228.375, 834.08
1009.9453125, 146.84375, 834.829
1032.875, 145.796875, 835.065
960.40234375, 91.22265625, 835.302
720.7578125, 411.375, 835.744
689.453125, 424.80859375, 835.91
681.2109375, 182.8515625, 836.68
1057.80859375, 218.6640625, 838.124
1098.296875, 267.08984375, 838.297
703.28515625, 317.8828125, 838.762
707.8828125, 323.5, 838.922
1057.79296875, 302.74609375, 839.292
805.37890625, 520.83984375, 839.766
660.51953125, 310.12109375, 840.238
643.8671875, 312.03515625, 840.436
859.06640625, 494.94140625, 841.139
531.96484375, 240.13671875, 841.39
562.89453125, 359.30078125, 841.714
781.16796875, 32.99609375, 843.596
781.16796875, 32.99609375, 843.792
817.92578125, 40.38671875, 844.262
1063.69921875, 174.0625, 844.626
1102.35546875, 193.59765625, 844.814
243.32421875, 628.5625, 846.774
1004.5625, 473.6484375, 847.208
708.56640625, 392.06640625, 847.74
951.55859375, 325.375, 848.182
994.96875, 329.13671875, 848.466
994.66796875, 330.4140625, 848.946
1003.44921875, 292.41015625, 849.136
1099.3984375, 191.234375, 851.006
1070.48828125, 168.8515625, 851.222
999.3515625, 121.859375, 851.852
958.28125, 172.41015625, 852.492
936.0703125, 133.703125, 852.648
917.41015625, 124.4609375, 852.924
895.203125, 112.07421875, 853.153
730.99609375, 388.6171875, 853.682
943.92578125, 228.78515625, 854.504
803.79296875, 79.80859375, 854.659
797.30859375, 78.2578125, 854.866
882.1953125, 80.48046875, 855.244
1055.30078125, 163.43359375, 855.465
902.85546875, 84.23046875, 855.829
844.16796875, 45.43359375, 856.007
848.07421875, 43.99609375, 856.23
655.11328125, 15.01171875, 856.443
869.98828125, 51.37890625, 856.838
802.3515625, 27.91015625, 857.026
733.6640625, 11.1640625, 857.231
732.9453125, 10.8046875, 857.467
732.9453125, 10.4453125, 857.697
747.21875, 12.50390625, 858.092
748.99609375, 12.50390625, 858.296
877.30859375, 161.66015625, 858.807
942.546875, 162.39453125, 858.979
971.48828125, 164.11328125, 859.225
858.921875, 248.8046875, 860.054
1371.1484375, 855.2421875, 861.241
1385.35546875, 852.64453125, 861.477
980.60546875, 356.0703125, 863.035
776.51171875, 438.75390625, 863.643
706.41015625, 517.4921875, 864.125
804.16015625, 152.30859375, 864.637
871.00390625, 123.18359375, 864.817
819.5234375, 411.87890625, 865.142
820.48828125, 681.16796875, 865.315
876.203125, 672.80078125, 865.876
838.2578125, 98.1875, 866.197
832.8828125, 94.96484375, 866.403
963.19140625, 181.3984375, 867.925
905.98828125, 75.7109375, 868.153
803.44140625, 8.06640625, 868.729
746.109375, 453.640625, 869.131
720.171875, 689.39453125, 869.679
771.09765625, 221.66015625, 870.017
893.4609375, 610.41796875, 870.79
896.73046875, 232.83984375, 871.294
662.28125, 428.57421875, 871.609
770.39453125, 539.0, 872.373
720.421875, 556.078125, 872.617
649.05078125, 586.2890625, 872.839
483.83984375, 657.46484375, 873.365
468.98828125, 666.12890625, 873.625
939.13671875, 321.69921875, 874.391
949.73046875, 247.57421875, 874.871
949.73046875, 190.87890625, 875.076
868.015625, 131.62109375, 875.381
674.171875, 112.81640625, 875.563
670.4609375, 446.41796875, 875.869
670.6640625, 502.796875, 876.051
649.625, 540.484375, 876.297
605.46875, 518.78125, 876.517
543.23046875, 488.6171875, 877.029
530.58984375, 487.2578125, 877.267
998.46484375, 424.7109375, 877.519
1086.30859375, 188.62109375, 877.747
811.25390625, 99.84375, 878.08
726.37890625, 366.91015625, 878.347
889.109375, 266.4609375, 878.67
954.90234375, 138.3046875, 878.859
669.9609375, 815.93359375, 880.193
885.05859375, 204.3046875, 880.577
887.6171875, 180.87890625, 880.791
659.8046875, 806.0859375, 882.105
820.03515625, 149.58984375, 882.521
823.4453125, 122.7109375, 882.727
826.64453125, 121.6328125, 882.98
1407.20703125, 842.83984375, 887.671
848.69921875, 308.5078125, 894.684
1439.0, 899.0, 895.728
931.87890625, 0.0, 896.811
929.4453125, 56.671875, 897.574
827.74609375, 742.03125, 898.956
956.6640625, 317.14453125, 900.409
955.9453125, 317.5, 900.628
955.5859375, 317.5, 900.843
954.8671875, 317.5, 901.038
953.7890625, 317.5, 901.26
953.0703125, 317.5, 901.456
952.7109375, 317.5, 901.668
952.7109375, 317.5, 901.858
952.7109375, 317.5, 902.054
952.7109375, 317.5, 902.252
952.7109375, 317.5, 902.424
952.7109375, 317.5, 902.614
951.9921875, 317.5, 902.802
951.6328125, 317.5, 902.992
1427.0, 899.0, 903.743
1402.5234375, 865.09375, 904.254
1106.34765625, 118.12109375, 905.572
287.90234375, 625.95703125, 908.786
349.375, 641.4140625, 909.872
1100.69140625, 113.546875, 911.052
1396.69921875, 869.9765625, 912.024
1418.55859375, 864.21484375, 921.81
1417.12109375, 847.4609375, 922.392
390.76171875, 359.14453125, 924.197
821.05078125, 603.578125, 924.67
824.91015625, 666.38671875, 924.874
843.4296875, 698.88671875, 925.083
848.1953125, 698.359375, 925.288
890.58984375, 721.21875, 925.508
819.41015625, 813.703125, 925.712
788.88671875, 713.60546875, 926.129
787.09375, 713.9609375, 926.328
914.16015625, 693.92578125, 926.531
1002.58203125, 300.1328125, 927.305
892.4609375, 191.9140625, 927.488
746.99609375, 430.9921875, 927.842
821.8515625, 468.5234375, 928.275
793.18359375, 462.546875, 928.639
518.69140625, 134.05078125, 928.944
531.98828125, 128.92578125, 929.125
666.70703125, 464.4921875, 929.316
940.27734375, 511.4296875, 929.583
703.91796875, 337.19140625, 929.889
696.87109375, 334.59765625, 930.079
1048.7109375, 449.1484375, 930.567
1096.2265625, 464.53125, 930.741
1096.9375, 465.59765625, 930.993
826.09375, 593.31640625, 931.545
434.9609375, 432.21875, 932.044
598.140625, 347.73046875, 932.702
768.640625, 425.609375, 933.822
779.1171875, 456.1953125, 934.809
1015.8203125, 405.5234375, 935.021
855.0625, 569.54296875, 935.865
894.921875, 246.12890625, 936.039
732.68359375, 381.16015625, 936.323
888.328125, 276.46484375, 937.071
665.66796875, 571.11328125, 937.253
830.8046875, 326.796875, 937.419
664.2109375, 510.4375, 937.602
684.078125, 193.59765625, 938.028
756.16796875, 478.828125, 938.765
869.43359375, 477.87109375, 938.969
734.9296875, 507.23046875, 939.173
648.09765625, 424.38671875, 939.618
959.27734375, 251.0546875, 940.045
952.66015625, 99.82421875, 940.235
903.1953125, 48.09375, 940.449
827.8515625, 21.0625, 940.647
927.09765625, 468.328125, 941.845
666.390625, 533.75390625, 942.177
663.95703125, 549.44921875, 942.4
664.80078125, 677.38671875, 943.649
791.95703125, 760.9375, 944.193
1063.9296875, 661.28125, 944.383
1061.1953125, 629.9140625, 944.603
974.38671875, 576.8828125, 944.857
938.1796875, 581.046875, 945.062
593.6484375, 377.69140625, 946.399
962.5390625, 194.671875, 946.651
924.30859375, 88.20703125, 946.868
941.1171875, 85.578125, 947.221
921.06640625, 72.78125, 947.442
902.80078125, 65.59765625, 947.725
798.57421875, 88.6796875, 948.103
715.3359375, 94.140625, 948.339
627.20703125, 293.53515625, 948.755
702.12890625, 278.671875, 949.348
848.61328125, 135.609375, 949.631
755.84375, 345.84375, 950.161
861.2265625, 212.37109375, 950.581
787.1171875, 385.60546875, 950.893
601.25390625, 584.828125, 951.129
1033.76953125, 445.0078125, 952.073
997.47265625, 428.125, 952.413
1028.90234375, 486.75, 952.585
1006.12890625, 497.13671875, 952.791
756.94140625, 426.359375, 953.319
759.21875, 428.13671875, 953.477
755.6171875, 437.90234375, 955.155
750.59765625, 440.390625, 955.327
728.42578125, 408.06640625, 955.581
725.32421875, 450.9375, 955.777
969.28125, 395.62890625, 956.469
1079.40625, 421.296875, 956.619
1029.2265625, 426.375, 956.841
930.81640625, 145.91015625, 957.275
776.23828125, 18.94140625, 959.125
782.9921875, 18.22265625, 959.639
787.2578125, 16.78515625, 959.953
794.08984375, 17.140625, 960.236
896.0078125, 46.58203125, 961.059
918.32421875, 32.63671875, 961.233
924.3671875, 32.98046875, 961.468
851.7578125, 0.0, 961.673
1043.16796875, 56.69921875, 962.097
1088.41015625, 93.03125, 962.303
1091.68359375, 421.73046875, 962.705
1074.27734375, 496.66015625, 962.935
1056.28515625, 555.2421875, 963.29
955.4140625, 690.92578125, 963.486
1415.30078125, 847.3125, 966.618
199.13671875, 340.87109375, 977.286
1096.04296875, 106.9375, 978.762
1371.75, 729.56640625, 979.552
725.94140625, 579.4140625, 987.17
726.296875, 596.05859375, 987.358
732.4296875, 609.9765625, 987.565
1305.546875, 798.0390625, 988.192
1309.9921875, 797.3203125, 988.666
1394.57421875, 842.1796875, 991.362
1394.21484375, 847.8671875, 992.316
1361.8125, 764.2890625, 994.614
1362.15234375, 756.05078125, 994.872
1360.0, 753.04296875, 995.147
1360.0, 750.88671875, 998.767
1150.66796875, 671.59765625, 999.233
1036.23828125, 674.26171875, 999.753
1396.0859375, 809.0, 1000.483
1381.1015625, 785.55859375, 1000.893
663.1484375, 582.90234375, 1005.133
565.92578125, 536.40234375, 1005.329
621.51953125, 501.92578125, 1005.89
717.34765625, 555.61328125, 1006.181
617.92578125, 550.61328125, 1007.435
619.34375, 549.89453125, 1007.634
634.1171875, 557.4765625, 1007.885
739.296875, 605.69921875, 1008.083
1006.73046875, 541.4921875, 1008.955
744.0, 636.83984375, 1009.349
730.48828125, 643.90234375, 1010.09
1044.0859375, 659.55078125, 1013.703
1035.46484375, 651.6484375, 1014.247
682.765625, 644.5859375, 1018.363
545.05078125, 255.3359375, 1018.765
391.1328125, 526.28125, 1019.026
386.93359375, 557.48046875, 1020.281
809.4140625, 474.6484375, 1021.115
937.58984375, 532.375, 1021.337
945.34375, 532.37109375, 1021.557
1042.703125, 476.1015625, 1021.831
643.53515625, 537.09765625, 1022.249
643.53515625, 537.09765625, 1022.503
575.12109375, 227.12890625, 1023.117
892.0, 134.15625, 1023.583
1092.31640625, 186.875, 1023.733
1090.87890625, 188.65234375, 1024.089
892.109375, 74.453125, 1024.465
891.74609375, 74.453125, 1024.687
987.12109375, 97.12890625, 1024.907
987.12109375, 97.12890625, 1025.151
736.98828125, 78.33984375, 1026.213
954.671875, 104.734375, 1027.039
1041.75, 364.89453125, 1027.763
974.8125, 237.25, 1028.22
755.03125, 284.73828125, 1030.004
597.57421875, 208.22265625, 1030.179
1027.98046875, 385.56640625, 1030.8
821.4453125, 449.6484375, 1033.738
678.80859375, 455.8203125, 1034.438
1013.5703125, 265.609375, 1035.453
801.2890625, 394.40625, 1035.831
1108.65234375, 346.63671875, 1036.232
998.6171875, 170.30859375, 1037.166
890.046875, 96.23828125, 1037.386
643.81640625, 85.765625, 1038.001
829.67578125, 371.73828125, 1040.464
929.08203125, 386.25, 1041.384
609.83203125, 224.80078125, 1041.686
608.3984375, 232.62109375, 1042.416
631.05859375, 388.6640625, 1042.756
633.59765625, 536.2734375, 1043.001
626.63671875, 591.19921875, 1043.228
580.97265625, 656.14453125, 1043.734
1033.5625, 205.66796875, 1044.504
1058.32421875, 190.6640625, 1044.678
1042.8828125, 176.49609375, 1044.938
978.30859375, 106.9140625, 1045.458
976.15234375, 107.265625, 1045.908
945.91796875, 99.3671875, 1046.388
922.58203125, 89.30859375, 1046.617
908.19921875, 82.35546875, 1046.86
795.03515625, 86.40234375, 1047.796
765.2109375, 76.19140625, 1047.986
749.73046875, 62.83203125, 1048.198
709.0390625, 52.8359375, 1048.616
964.30859375, 148.48046875, 1049.182
1054.13671875, 142.23046875, 1049.38
1032.58984375, 108.6953125, 1049.748
1035.578125, 107.8125, 1049.984
1036.64453125, 107.453125, 1050.23
1036.64453125, 104.453125, 1050.458
1037.35546875, 103.01953125, 1050.67
1045.65234375, 101.109375, 1050.892
1398.765625, 868.02734375, 1053.916
171.70703125, 232.7265625, 1058.22
1106.6640625, 122.63671875, 1063.96
1376.28125, 828.4375, 1065.309
1324.58203125, 702.44921875, 1075.219
1368.671875, 803.90234375, 1076.433
1362.2265625, 816.76953125, 1076.954
1107.71875, 100.71484375, 1078.265
1330.74609375, 711.9921875, 1079.297
1328.81640625, 700.4765625, 1081.529
1386.17578125, 817.76171875, 1082.371
1321.03125, 697.91796875, 1084.185
1389.3359375, 801.8125, 1086.781
214.40625, 225.34375, 1089.857
504.84765625, 499.59375, 1090.354
755.24609375, 522.59375, 1092.273
627.87890625, 133.203125, 1093.779
814.484375, 345.9140625, 1095.081
470.1171875, 203.9453125, 1095.341
387.125, 193.84765625, 1095.537
367.41796875, 191.4140625, 1096.026
256.1875, 150.44921875, 1096.421
225.0078125, 206.828125, 1096.854
877.00390625, 385.296875, 1097.239
418.1796875, 356.38671875, 1097.458
274.0546875, 186.6328125, 1098.387
273.3359375, 186.98828125, 1098.647
235.984375, 238.09375, 1098.898
247.3125, 241.0703125, 1099.096
249.4453125, 245.3359375, 1099.293
262.12109375, 240.87890625, 1099.554
299.5625, 225.5625, 1099.743
313.23828125, 208.76171875, 1099.955
462.85546875, 383.83203125, 1100.41
457.09375, 399.94140625, 1102.416
436.37109375, 401.9921875, 1102.621
394.52734375, 403.55078125, 1102.84
386.58984375, 404.94140625, 1103.084
377.9765625, 406.34765625, 1103.456
377.9765625, 409.3359375, 1103.724
931.91015625, 247.7734375, 1104.88
945.89453125, 251.37109375, 1105.07
472.02734375, 725.5234375, 1105.614
448.984375, 753.43359375, 1105.794
1014.6328125, 562.23828125, 1106.271
1110.8828125, 528.45703125, 1106.45
1092.1171875, 502.25390625, 1106.734
1052.95703125, 392.75, 1106.945
1075.52734375, 381.95703125, 1107.158
635.59375, 423.48046875, 1107.837
738.95703125, 585.4453125, 1108.04
756.87109375, 646.19140625, 1108.254
755.07421875, 646.90234375, 1108.483
1039.48828125, 313.6875, 1115.067
1099.48046875, 122.55859375, 1116.078
676.0859375, 756.3828125, 1117.594
672.5234375, 771.98828125, 1118.12
1386.92578125, 798.34765625, 1124.834
215.171875, 339.75390625, 1130.063
1097.97265625, 116.51171875, 1131.279
1328.67578125, 754.08203125, 1132.046
703.48046875, 636.6953125, 1137.607
1403.734375, 828.7578125, 1138.143
1251.984375, 705.73046875, 1138.728
1249.31640625, 690.19140625, 1147.613
561.65625, 561.234375, 1150.741
359.859375, 515.015625, 1152.329
432.5234375, 553.77734375, 1154.177
492.31640625, 533.9296875, 1155.775
716.76953125, 683.5703125, 1156.834
708.765625, 658.39453125, 1157.541
391.6328125, 474.0859375, 1160.841
457.484375, 356.12890625, 1161.085
462.61328125, 296.42578125, 1161.284
458.30859375, 287.10546875, 1161.486
494.6328125, 330.640625, 1162.364
698.109375, 73.42578125, 1162.665
649.82421875, 95.70703125, 1163.688
317.1796875, 96.17578125, 1165.475
301.26171875, 105.7734375, 1169.098
301.26171875, 105.7734375, 1169.367
216.234375, 608.484375, 1170.53
410.1015625, 631.640625, 1172.02
1439.98046875, 246.3828125, 1172.518
511.55859375, 404.09765625, 1173.213
209.4609375, 78.92578125, 1174.238
428.84765625, 271.10546875, 1174.972
967.90625, 113.77734375, 1175.972
1006.67578125, 77.5390625, 1176.168
1009.51953125, 78.60546875, 1176.391
1013.78515625, 78.9609375, 1176.738
953.5703125, 160.734375, 1177.406
838.7265625, 292.40234375, 1180.579
622.6875, 56.83984375, 1181.79
472.92578125, 57.8359375, 1182.895
388.6953125, 124.11328125, 1183.146
348.20703125, 165.640625, 1183.382
515.296875, 456.24609375, 1185.042
1164.91796875, 207.8359375, 1185.814
1193.25, 216.96484375, 1186.012
1195.3828125, 217.67578125, 1186.288
1201.92578125, 213.04296875, 1186.602
1103.56640625, 537.5546875, 1187.106
1103.56640625, 538.265625, 1187.302
603.65625, 349.3828125, 1187.758
1171.61328125, 352.25, 1188.178
1193.6484375, 326.1640625, 1188.358
1176.4375, 275.3671875, 1188.602
1179.28125, 229.77734375, 1188.846
1180.703125, 233.47265625, 1189.085
832.62109375, 546.859375, 1190.006
818.54296875, 590.09375, 1190.196
1082.390625, 195.78515625, 1190.98
1126.453125, 190.42578125, 1191.168
1142.53515625, 187.71484375, 1191.366
1155.67578125, 184.953125, 1191.594
1100.00390625, 172.74609375, 1192.302
1117.67578125, 162.9140625, 1192.497
1118.7421875, 162.5546875, 1192.773
1118.7421875, 162.5546875, 1193.122
1118.7421875, 162.5546875, 1193.973
1092.07421875, 143.12890625, 1194.235
1092.07421875, 143.12890625, 1194.486
509.2734375, 430.99609375, 1195.767
1009.30078125, 150.98828125, 1196.124
1019.8515625, 132.71484375, 1196.32
744.0625, 535.62890625, 1196.936
897.85546875, 547.8125, 1197.385
1210.52734375, 295.24609375, 1197.747
839.29296875, 628.11328125, 1197.991
706.78515625, 435.99609375, 1198.602
869.10546875, 214.7109375, 1199.341
909.92578125, 211.06640625, 1199.523
822.0390625, 461.7109375, 1199.87
1009.10546875, 291.82421875, 1200.106
1000.02734375, 197.2421875, 1200.318
930.63671875, 380.02734375, 1200.601
950.1328125, 613.55078125, 1200.861
747.390625, 507.3125, 1201.571
817.9609375, 141.3125, 1202.115
817.3359375, 92.6484375, 1202.287
839.23828125, 513.1484375, 1202.871
831.62109375, 497.296875, 1203.108
804.09375, 395.6953125, 1203.399
723.26953125, 468.2421875, 1203.721
863.515625, 461.50390625, 1205.831
945.08984375, 497.69921875, 1206.085
1072.7578125, 487.09765625, 1206.319
1070.859375, 471.65234375, 1206.587
1070.5, 467.078125, 1206.809
603.15625, 276.40234375, 1207.368
263.01953125, 378.80859375, 1208.586
258.7421875, 391.18359375, 1208.8
256.11328125, 398.4140625, 1209.241
257.19921875, 445.65625, 1209.485
320.12890625, 518.671875, 1209.729
334.77734375, 544.02734375, 1209.998
334.76953125, 552.34765625, 1210.219
333.33203125, 559.8125, 1210.486
336.0078125, 568.6328125, 1210.852
339.01171875, 579.0859375, 1211.211
340.7890625, 577.64453125, 1211.486
347.99609375, 568.80078125, 1211.785
267.2578125, 558.078125, 1212.173
238.72265625, 564.65234375, 1212.441
340.41015625, 559.0546875, 1213.149
1204.203125, 358.7578125, 1213.568
1192.55859375, 260.13671875, 1213.75
729.375, 367.05859375, 1214.057
590.1015625, 425.19921875, 1214.885
561.75, 413.45703125, 1215.132
400.96484375, 495.88671875, 1215.587
373.0234375, 528.75, 1215.807
370.8671875, 529.8125, 1216.061
411.49609375, 475.51171875, 1216.763
334.37109375, 524.80859375, 1217.419
1244.02734375, 258.515625, 1218.271
656.5625, 494.4375, 1218.633
583.65625, 385.3125, 1218.886
564.0703125, 374.0078125, 1219.121
1106.09375, 392.9453125, 1220.049
1049.8359375, 518.94140625, 1220.237
1046.25390625, 522.84375, 1220.586
1054.36328125, 526.73046875, 1220.859
675.03125, 356.23828125, 1221.513
913.68359375, 217.48046875, 1222.371
944.7734375, 126.40234375, 1222.583
995.48828125, 103.47265625, 1222.798
1005.375, 102.23046875, 1223.018
1009.640625, 101.87109375, 1223.246
1010.70703125, 102.2265625, 1223.483
718.59765625, 428.5078125, 1224.014
1017.6015625, 249.18359375, 1224.415
1065.2109375, 282.01171875, 1224.615
1066.734375, 449.796875, 1224.843
995.0703125, 578.46875, 1225.073
978.06640625, 604.42578125, 1225.318
969.82421875, 610.8203125, 1225.577
963.3828125, 614.015625, 1225.813
924.671875, 647.94140625, 1226.018
741.40625, 641.359375, 1226.801
690.81640625, 497.29296875, 1227.377
697.703125, 497.64453125, 1227.669
712.19140625, 488.24609375, 1229.098
703.20703125, 511.67578125, 1229.32
678.24609375, 527.85546875, 1229.715
682.92578125, 521.6953125, 1230.226
573.203125, 430.5546875, 1230.736
495.6875, 299.4921875, 1231.39
968.14453125, 153.89453125, 1231.698
898.8515625, 88.50390625, 1232.462
899.20703125, 88.50390625, 1232.731
899.20703125, 88.14453125, 1233.006
889.52734375, 85.98828125, 1233.33
877.40625, 84.02734375, 1233.59
1340.94921875, 847.21875, 1243.312
1317.375, 813.98046875, 1244.566
1301.2421875, 802.07421875, 1248.758
1274.8046875, 755.80859375, 1249.262
1263.95703125, 735.91015625, 1249.854
1254.18359375, 714.23046875, 1250.824
517.734375, 407.51171875, 1261.845
481.38671875, 383.7890625, 1262.405
465.83203125, 380.14453125, 1262.593
769.45703125, 391.0234375, 1263.63
684.015625, 405.01171875, 1263.843
667.859375, 412.36328125, 1264.041
700.92578125, 487.7109375, 1264.441
703.8125, 500.3515625, 1264.656
706.30078125, 503.90625, 1264.867
717.875, 511.2734375, 1265.119
700.9765625, 509.56640625, 1266.837
826.32421875, 528.953125, 1268.039
886.8359375, 560.4609375, 1268.211
774.58203125, 555.19140625, 1268.403
565.9453125, 527.17578125, 1268.825
897.7734375, 413.17578125, 1269.015
1078.4453125, 321.90234375, 1270.332
1351.33203125, 791.2421875, 1272.159
1238.07421875, 301.63671875, 1273.073
1285.41015625, 308.8984375, 1273.341
1147.4453125, 618.70703125, 1275.293
922.484375, 619.2265625, 1277.063
578.3359375, 608.5703125, 1278.573
579.1328125, 610.8203125, 1279.233
515.06640625, 719.375, 1279.749
604.35546875, 584.58984375, 1280.499
940.3359375, 657.94140625, 1281.075
940.3359375, 658.296875, 1281.279
941.40234375, 659.0078125, 1281.499
1010.73828125, 572.90234375, 1281.713
1015.93359375, 573.98046875, 1282.003
1040.56640625, 562.0625, 1282.487
1244.04296875, 323.2578125, 1284.641
1244.04296875, 323.2578125, 1284.839
1197.26171875, 241.140625, 1285.759
1199.0390625, 240.421875, 1286.083
1244.37109375, 495.70703125, 1288.754
1373.75390625, 849.08203125, 1289.529
1384.1328125, 818.12890625, 1290.216
1118.03515625, 824.46875, 1290.666
1045.05078125, 812.0078125, 1290.894
783.75390625, 714.3828125, 1291.414
777.67578125, 709.37890625, 1291.637
904.23828125, 282.2421875, 1295.058
1381.42578125, 854.609375, 1296.084
878.22265625, 430.05859375, 1298.319
885.7421875, 430.05859375, 1298.492
596.390625, 213.0078125, 1298.919
594.69921875, 211.03515625, 1299.87
730.640625, 425.84765625, 1301.095
948.3515625, 555.01953125, 1302.104
710.70703125, 353.1953125, 1302.94
945.46875, 206.5390625, 1303.734
948.3125, 205.4609375, 1303.876
897.06640625, 378.24609375, 1304.832
891.48046875, 397.76171875, 1305.028
856.29296875, 396.21875, 1305.321
846.78515625, 495.27734375, 1305.67
833.7578125, 544.40234375, 1306.442
833.7578125, 544.40234375, 1306.711
632.1796875, 95.85546875, 1307.346
612.48046875, 104.796875, 1308.168
535.52734375, 476.5390625, 1308.704
811.75390625, 695.33984375, 1309.9
1400.1484375, 865.54296875, 1311.02
1398.3515625, 863.74609375, 1311.27
1379.15234375, 845.36328125, 1313.524
776.6875, 708.83203125, 1315.158
776.32421875, 710.609375, 1315.362
751.8984375, 723.64453125, 1315.63
654.3203125, 713.2109375, 1315.844
648.4765625, 718.54296875, 1316.088
668.1875, 737.12109375, 1316.3
663.34765625, 729.38671875, 1316.52
654.9609375, 729.37890625, 1316.742
654.95703125, 729.01953125, 1316.969
657.4140625, 722.0625, 1317.287
656.3359375, 722.0625, 1317.522
490.8671875, 298.5625, 1319.695
837.578125, 137.390625, 1320.342
1094.03515625, 229.59375, 1320.498
1125.2109375, 261.81640625, 1320.712
1126.27734375, 260.73828125, 1320.962
1106.2890625, 207.16796875, 1321.191
1106.2890625, 207.16796875, 1321.709
852.84375, 53.2578125, 1322.048
620.7109375, 114.125, 1322.292
778.8203125, 67.1171875, 1322.758
641.38671875, 228.171875, 1323.288
985.0546875, 195.90234375, 1323.556
807.4140625, 237.97265625, 1323.76
1174.70703125, 203.72265625, 1323.988
789.32421875, 178.80078125, 1324.926
712.1875, 121.33984375, 1325.359
849.88671875, 507.640625, 1325.85
909.25, 404.16796875, 1327.436
993.37890625, 350.07421875, 1327.632
700.26953125, 311.98046875, 1328.269
494.38671875, 453.421875, 1328.659
1011.796875, 204.06640625, 1329.491
610.171875, 385.83984375, 1330.14
564.0078125, 312.83203125, 1330.525
550.46875, 302.15234375, 1330.747
546.875, 300.71484375, 1330.989
963.24609375, 127.046875, 1331.603
531.0, 123.2890625, 1333.759
472.16015625, 104.97265625, 1333.942
570.5546875, 100.3359375, 1334.145
590.33203125, 111.1484375, 1334.762
815.40234375, 417.7578125, 1335.804
537.30078125, 572.3203125, 1337.961
561.6640625, 427.39453125, 1338.902
813.16015625, 466.79296875, 1339.249
1129.46875, 234.65234375, 1340.155
1343.77734375, 761.10546875, 1350.487
832.98828125, 44.5078125, 1352.948
837.4453125, 11.84765625, 1353.217
837.42578125, 10.76953125, 1353.619
837.42578125, 10.76953125, 1353.816
855.55078125, 24.0234375, 1354.107
889.1328125, 49.98046875, 1354.779
881.04296875, 33.8203125, 1354.95
1014.8203125, 181.484375, 1355.913
1064.0625, 190.05078125, 1356.079
795.8203125, 28.18359375, 1356.822
634.04296875, 2.1171875, 1357.019
941.71484375, 220.90234375, 1364.776
669.10546875, 342.59375, 1368.03
1093.625, 115.01953125, 1371.188
1378.8203125, 722.29296875, 1372.347
904.59765625, 388.9765625, 1386.088
1104.984375, 120.8984375, 1387.316
1345.76171875, 805.27734375, 1388.305
1337.20703125, 787.00390625, 1392.652
1254.20703125, 792.17578125, 1394.047
501.80859375, 412.0078125, 1400.359
204.8203125, 459.2734375, 1400.777
187.34375, 487.921875, 1400.983
817.65625, 398.9140625, 1401.785
664.2109375, 306.03515625, 1402.242
677.69921875, 284.17578125, 1402.533
579.9921875, 470.37890625, 1402.81
518.25, 544.7578125, 1403.029
518.25, 544.7578125, 1403.295
518.25, 544.7578125, 1403.676
378.66015625, 544.22265625, 1413.051
353.28515625, 545.875, 1413.255
350.41796875, 546.5859375, 1413.483
350.41796875, 546.5859375, 1413.729
350.41796875, 548.36328125, 1413.965
370.05859375, 560.54296875, 1414.225
409.75390625, 580.85546875, 1414.642
420.015625, 591.80859375, 1414.839
580.359375, 609.3046875, 1415.853
575.95703125, 609.3046875, 1416.059
505.80078125, 524.1796875, 1416.469
495.8125, 506.19140625, 1416.885
988.20703125, 202.55078125, 1418.578
997.54296875, 196.62890625, 1418.759
593.16015625, 314.86328125, 1419.184
543.21875, 336.3046875, 1419.389
505.66015625, 299.296875, 1419.742
591.109375, 165.28515625, 1421.867
532.34375, 243.26171875, 1424.293
809.0078125, 46.76171875, 1424.663
931.75, 135.0703125, 1426.373
930.69140625, 129.20703125, 1426.546
890.40625, 108.8515625, 1426.736
869.1328125, 99.98046875, 1426.94
710.0, 331.03125, 1427.61
921.8828125, 558.34375, 1428.144
1121.4921875, 288.46875, 1428.516
1055.5, 545.828125, 1431.956
1055.5, 545.828125, 1432.176
1058.69921875, 542.60546875, 1432.815
725.57421875, 292.44921875, 1433.578
963.44140625, 434.03125, 1433.908
1073.3125, 523.87890625, 1435.093
1088.45703125, 689.5703125, 1438.376
1183.6953125, 440.41796875, 1440.712
1162.359375, 480.4453125, 1440.91
870.07421875, 598.13671875, 1441.248
873.6015625, 673.2265625, 1441.462
894.1953125, 674.29296875, 1441.674
1382.9375, 854.390625, 1442.57
1378.98828125, 854.390625, 1442.848
936.6484375, 217.39453125, 1443.384
896.12890625, 179.015625, 1443.612
566.625, 388.2109375, 1444.0
616.140625, 147.18359375, 1444.244
997.5703125, 195.05859375, 1446.28
997.5703125, 195.05859375, 1446.446
756.2578125, 369.48828125, 1447.25
840.25, 145.984375, 1447.772
1223.75, 335.171875, 1449.11
687.54296875, 129.8359375, 1449.552
660.234375, 56.15234375, 1450.265
667.25, 84.65234375, 1451.777
606.40625, 67.6953125, 1452.456
948.6796875, 449.8828125, 1453.295
548.8203125, 95.5390625, 1454.282
851.359375, 322.2890625, 1454.903
797.41015625, 414.80859375, 1455.423
583.4453125, 53.0625, 1456.126
1060.046875, 214.0546875, 1457.049
1159.55078125, 289.16015625, 1457.335
1235.73828125, 372.125, 1457.62
677.46875, 231.04296875, 1458.673
707.609375, 111.50390625, 1460.069
855.5625, 224.0234375, 1460.961
805.13671875, 339.5625, 1461.205
685.71875, 377.8203125, 1461.441
171.796875, 323.37890625, 1464.187
613.890625, 389.98828125, 1464.835
359.6640625, 494.72265625, 1465.253
344.24609375, 500.8125, 1465.46
337.78125, 522.19921875, 1465.657
698.44921875, 432.984375, 1466.901
934.23828125, 76.54296875, 1467.569
981.9765625, 88.48046875, 1467.757
995.97265625, 93.1640625, 1468.041
1022.78125, 156.09375, 1468.54
788.82421875, 412.5078125, 1468.73
767.5078125, 437.1171875, 1469.027
359.87890625, 353.98046875, 1469.341
804.484375, 502.44140625, 1470.019
726.4921875, 467.5546875, 1471.369
664.0703125, 76.76171875, 1476.319
437.984375, 110.6328125, 1476.801
439.41015625, 104.32421875, 1477.195
1313.453125, 700.4296875, 1478.123
1309.1484375, 701.49609375, 1478.383
1316.21484375, 704.33984375, 1481.255
566.4453125, 0.0, 1482.035
572.1328125, 0.0, 1482.256
574.62109375, 0.0, 1482.49
576.3984375, 0.0, 1482.79
579.2421875, 0.0, 1483.035
581.01953125, 1.06640625, 1483.399
959.81640625, 75.828125, 1483.769
807.6953125, 8.0625, 1484.077
607.36328125, 79.92578125, 1484.29
869.02734375, 105.4765625, 1485.22
913.6328125, 99.86328125, 1485.41
846.35546875, 386.62109375, 1486.339
604.234375, 368.14453125, 1487.668
751.27734375, 593.40625, 1487.826
943.71484375, 690.18359375, 1488.032
931.7578125, 690.87890625, 1488.273
925.80859375, 696.48046875, 1488.817
1420.7578125, 758.44921875, 1491.457
1388.1953125, 745.05078125, 1492.087
998.1875, 570.8046875, 1494.719
1044.28515625, 585.1171875, 1494.962
1101.81640625, 595.78125, 1495.184
806.16015625, 522.61328125, 1495.696
1156.3203125, 462.41015625, 1495.978
1377.40234375, 752.375, 1497.367
1077.49609375, 616.3359375, 1498.998
1421.0234375, 777.29296875, 1499.792
1416.67578125, 789.37890625, 1505.3
1415.95703125, 789.37890625, 1505.474
811.35546875, 652.9140625, 1507.276
788.90234375, 583.8515625, 1508.904
879.890625, 532.26171875, 1509.316
951.0, 537.62109375, 1509.578
1004.328125, 481.48828125, 1509.79
1050.41015625, 396.11328125, 1510.026
950.66015625, 586.8984375, 1510.55
894.8125, 623.32421875, 1510.754
910.55078125, 617.83984375, 1510.992
861.06640625, 565.83984375, 1511.544
993.1640625, 252.734375, 1513.291
968.9453125, 157.72265625, 1513.473
972.734375, 143.13671875, 1513.669
971.54296875, 111.046875, 1513.913
960.1796875, 63.27734375, 1514.117
960.1796875, 63.27734375, 1514.357
957.33984375, 60.26953125, 1514.607
954.953125, 49.3671875, 1514.835
952.796875, 44.70703125, 1515.088
952.796875, 44.70703125, 1515.333
952.796875, 44.70703125, 1515.632
613.50390625, 145.3984375, 1516.624
961.2578125, 279.171875, 1518.353
725.31640625, 423.71484375, 1518.535
628.59375, 442.1875, 1518.724
1181.41796875, 263.46484375, 1519.657
676.7109375, 278.52734375, 1519.811
663.578125, 285.7578125, 1520.568
576.75, 332.171875, 1520.765
385.5390625, 518.19921875, 1520.953
457.60546875, 443.171875, 1521.911
1093.4765625, 354.16015625, 1522.173
815.4765625, 384.16796875, 1522.4
984.54296875, 322.25390625, 1522.833
740.26171875, 474.1953125, 1523.04
1020.12890625, 424.390625, 1523.243
1297.8671875, 321.12109375, 1523.443
760.7578125, 414.16015625, 1523.899
1169.25390625, 479.2890625, 1524.601
804.8828125, 566.03125, 1525.033
1366.26953125, 344.34765625, 1525.642
1084.8515625, 508.15234375, 1527.265
1011.0390625, 283.703125, 1527.992
1007.58984375, 161.32421875, 1528.567
1150.71875, 209.23046875, 1529.033
1160.515625, 199.8046875, 1529.215
840.26171875, 500.44140625, 1530.381
844.02734375, 487.07421875, 1530.54
701.7734375, 87.8125, 1531.185
937.34765625, 444.0625, 1531.581
849.75390625, 391.85546875, 1532.013
638.01953125, 209.72265625, 1532.52
864.57421875, 340.65234375, 1533.179
699.33984375, 150.37109375, 1533.827
661.76171875, 113.37109375, 1533.986
1022.6484375, 397.171875, 1534.599
888.29296875, 363.68359375, 1534.951
740.296875, 360.1015625, 1535.657
520.3828125, 396.89453125, 1535.859
465.1328125, 412.83984375, 1536.075
407.83203125, 359.5546875, 1536.313
338.38671875, 310.75, 1536.557
262.515625, 180.578125, 1536.779
220.94140625, 106.8828125, 1537.069
797.4921875, 249.140625, 1537.673
797.34375, 116.08984375, 1538.204
934.4453125, 136.60546875, 1538.835
775.6015625, 45.71484375, 1539.763
765.19140625, 43.70703125, 1539.969
764.83203125, 43.70703125, 1540.261
764.83203125, 43.70703125, 1540.566
764.47265625, 43.70703125, 1541.086
789.9453125, 57.890625, 1541.671
786.7109375, 58.6015625, 1541.914
715.87890625, 24.0, 1542.419
630.52734375, 27.75390625, 1542.917
1383.2109375, 802.2734375, 1544.417
871.1171875, 317.53125, 1552.286
1439.98046875, 792.6171875, 1552.995
1401.46484375, 861.2265625, 1553.497
1104.68359375, 100.16015625, 1554.362
543.65625, 509.12109375, 1554.842
623.11328125, 549.3984375, 1555.086
1306.16015625, 813.578125, 1555.854
1296.34375, 818.63671875, 1556.196
1280.75390625, 815.0390625, 1559.574
1289.93359375, 798.390625, 1561.878
1267.8046875, 829.25, 1562.202
530.5078125, 616.1796875, 1568.679
542.81640625, 614.7421875, 1569.177
857.75, 671.78125, 1570.224
870.00390625, 681.38671875, 1571.021
977.53515625, 132.703125, 1572.039
661.33984375, 211.78515625, 1572.763
965.30859375, 203.83984375, 1573.151
547.8515625, 205.078125, 1573.388
1103.41796875, 333.84765625, 1573.602
701.73828125, 248.86328125, 1573.878
1171.9375, 278.66796875, 1574.09
828.7734375, 265.3046875, 1574.296
1127.078125, 313.40625, 1574.54
688.40234375, 296.83203125, 1574.776
1105.375, 297.46484375, 1574.99
886.7578125, 239.56640625, 1575.251
744.609375, 240.1015625, 1575.546
982.75, 281.99609375, 1575.811
976.515625, 273.78515625, 1576.151
622.03125, 288.5859375, 1576.578
1192.86328125, 295.0703125, 1576.791
871.03515625, 230.72265625, 1576.988
1191.9453125, 293.0703125, 1577.274
599.26953125, 254.9921875, 1577.445
569.703125, 479.296875, 1577.943
569.69921875, 490.7265625, 1578.171
1135.2109375, 387.05078125, 1579.093
752.27734375, 370.76171875, 1579.313
680.85546875, 386.41796875, 1579.624
478.21484375, 634.21484375, 1580.378
374.984375, 294.1796875, 1581.577
849.23046875, 284.68359375, 1581.917
790.625, 124.375, 1583.028
792.5, 132.31640625, 1583.197
1281.3203125, 734.44140625, 1584.368
1289.49609375, 739.0625, 1585.405
655.69921875, 48.4921875, 1588.413
544.31640625, 58.9765625, 1589.563
520.55078125, 67.69140625, 1589.774
514.30078125, 175.16796875, 1590.581
514.40625, 192.15234375, 1590.984
520.59375, 190.19140625, 1591.166
516.3203125, 275.69140625, 1591.82
653.2421875, 153.80078125, 1592.642
690.99609375, 384.234375, 1593.756
631.6328125, 394.3359375, 1593.955
906.25390625, 224.26171875, 1596.967
906.609375, 223.54296875, 1597.173
772.44140625, 188.30078125, 1597.439
659.8828125, 226.3671875, 1597.613
583.53125, 430.70703125, 1598.623
892.49609375, 594.5, 1598.956
940.578125, 627.0703125, 1599.175
940.578125, 627.0703125, 1599.427
939.3359375, 623.3515625, 1599.679
935.6796875, 614.015625, 1599.909
922.0625, 603.234375, 1600.137
638.27734375, 353.28515625, 1600.902
699.046875, 595.27734375, 1601.358
513.73046875, 553.234375, 1602.59
510.86328125, 551.0859375, 1602.772
508.57421875, 546.8671875, 1602.986
468.45703125, 392.06640625, 1603.222
456.15625, 332.7265625, 1603.418
511.40234375, 273.8359375, 1605.36
464.30078125, 318.7890625, 1605.543
454.5, 324.28515625, 1605.74
747.015625, 113.015625, 1606.635
793.171875, 119.5546875, 1607.042
690.5, 158.82421875, 1607.844
798.03515625, 329.453125, 1608.459
699.28125, 148.3515625, 1608.876
708.69921875, 441.68359375, 1610.263
841.91796875, 537.99609375, 1610.719
884.9140625, 564.20703125, 1610.93
918.72265625, 563.73046875, 1611.182
919.078125, 567.640625, 1611.452
932.90625, 569.9140625, 1611.743
984.4140625, 569.1953125, 1611.98
1018.03125, 567.12890625, 1612.231
1028.984375, 564.96875, 1612.474
1004.8125, 567.171875, 1612.925
623.69921875, 582.109375, 1613.484
817.12109375, 650.703125, 1613.965
815.67578125, 651.05859375, 1614.193
663.9140625, 607.578125, 1614.581
609.98046875, 569.99609375, 1614.792
598.64453125, 567.484375, 1615.005
592.98828125, 547.87109375, 1615.275
597.71875, 544.16796875, 1615.527
760.24609375, 677.14453125, 1615.897
933.38671875, 327.1875, 1616.189
1102.46484375, 281.06640625, 1616.639
1136.65625, 287.97265625, 1616.868
1345.953125, 804.05078125, 1618.943
1272.85546875, 781.28515625, 1619.591
930.30859375, 633.0625, 1621.211
779.8984375, 635.40625, 1621.541
723.28125, 591.9140625, 1622.265
756.20703125, 645.984375, 1622.691
736.76953125, 661.24609375, 1622.879
698.3984375, 645.8125, 1623.107
728.7734375, 338.25390625, 1624.029
794.26953125, 422.1640625, 1624.707
718.5234375, 554.11328125, 1624.896
907.42578125, 310.76171875, 1625.557
908.5234375, 282.984375, 1625.825
795.26171875, 442.16015625, 1626.195
993.53125, 579.4375, 1627.737
621.78125, 269.9375, 1629.269
622.0, 266.00390625, 1629.955
1226.6953125, 535.30078125, 1631.265
671.51953125, 129.50390625, 1632.375
764.68359375, 37.1015625, 1632.571
765.95703125, 20.296875, 1632.769
1313.7421875, 771.125, 1633.917
1313.7421875, 771.125, 1634.051
659.484375, 58.52734375, 1635.161
695.1640625, 59.7109375, 1635.37
773.94921875, 78.41015625, 1635.613
818.703125, 97.1796875, 1635.809
891.75, 127.95703125, 1636.205
552.3359375, 213.296875, 1636.991
1023.90234375, 302.78515625, 1637.353
1045.8046875, 306.671875, 1637.543
1054.9375, 291.9921875, 1637.795
1044.3515625, 208.38671875, 1638.015
1003.25390625, 156.7109375, 1639.492
1030.875, 156.40625, 1640.415
1030.875, 156.40625, 1641.067
1017.859375, 150.30078125, 1644.192
611.3828125, 232.09765625, 1649.756
526.32421875, 134.2421875, 1651.004
500.85546875, 102.328125, 1652.067
696.8046875, 108.05859375, 1652.896
741.859375, 100.1328125, 1653.41
756.921875, 258.19140625, 1654.438
580.3515625, 479.19921875, 1655.693
534.41015625, 450.9765625, 1656.886
865.2578125, 568.890625, 1659.798
1380.11328125, 862.78125, 1663.718
1227.42578125, 756.4453125, 1666.587
1248.65234375, 759.94140625, 1668.328
1025.28515625, 325.4296875, 1672.126
1025.28515625, 325.4296875, 1672.348
1025.28515625, 325.4296875, 1672.562
1025.28515625, 325.4296875, 1672.758
1025.28515625, 325.4296875, 1672.988
1025.28515625, 325.4296875, 1673.232
1025.28515625, 325.4296875, 1673.452
1025.28515625, 325.4296875, 1673.688
1025.28515625, 325.4296875, 1673.926
1025.28515625, 325.4296875, 1674.138
1025.28515625, 325.4296875, 1674.39
1025.28515625, 325.4296875, 1674.956
1025.28515625, 325.4296875, 1675.122
1338.4296875, 809.8671875, 1675.756
1023.15234375, 314.21875, 1676.332
1023.15234375, 314.21875, 1676.531
1099.9375, 105.3046875, 1677.2
1341.39453125, 776.8046875, 1678.084
1343.92578125, 764.3671875, 1678.384
1310.19921875, 711.75390625, 1679.898
1396.53125, 805.6484375, 1683.182
322.1015625, 565.40625, 1685.618
533.5, 672.8046875, 1685.814
606.71875, 630.85546875, 1686.042
723.34375, 626.9140625, 1686.374
813.1015625, 661.1640625, 1686.572
936.48828125, 691.14453125, 1686.848
941.96484375, 690.390625, 1687.122
955.0546875, 676.02734375, 1687.407
1061.6484375, 699.26953125, 1687.654
1099.7421875, 181.08984375, 1687.96
1117.0234375, 83.1875, 1688.163
915.234375, 392.203125, 1688.472
1008.15234375, 391.8359375, 1689.237
1032.50390625, 510.51171875, 1689.576
699.5234375, 151.4375, 1690.05
732.93359375, 139.75, 1690.253
917.01171875, 415.28515625, 1690.474
867.20703125, 492.93359375, 1690.766
775.046875, 693.17578125, 1691.364
680.390625, 124.921875, 1691.789
711.5703125, 47.37109375, 1691.971
733.359375, 357.7890625, 1692.459
1038.43359375, 253.859375, 1692.863
768.75, 166.140625, 1693.426
993.390625, 78.109375, 1693.98
1425.2890625, 779.24609375, 1696.751
1418.65625, 791.9765625, 1697.162
1430.1875, 787.18359375, 1700.054
1089.6171875, 552.6875, 1701.707
1092.26953125, 557.80859375, 1701.895
1075.9765625, 597.4375, 1702.136
1055.08984375, 642.24609375, 1702.355
1050.08984375, 658.8515625, 1702.576
1046.03125, 662.51171875, 1703.059
1067.98046875, 628.1953125, 1703.312
1032.015625, 647.26953125, 1703.526
973.28125, 654.07421875, 1703.761
865.33984375, 568.74609375, 1704.131
858.83984375, 521.32421875, 1704.517
937.6640625, 592.40625, 1704.787
947.2578125, 394.99609375, 1705.368
988.30078125, 377.78125, 1705.581
982.5234375, 337.859375, 1705.865
805.5, 586.23828125, 1706.385
751.01953125, 223.375, 1707.149
877.26953125, 146.33984375, 1707.354
898.4453125, 137.1015625, 1707.567
898.80078125, 136.7421875, 1707.796
898.80078125, 136.7421875, 1708.269
801.62109375, 226.66015625, 1708.843
786.4140625, 206.328125, 1709.025
781.12109375, 193.4921875, 1709.276
790.9375, 196.08984375, 1709.796
790.578125, 197.51171875, 1710.023
789.5, 196.078125, 1710.283
597.5078125, 648.1484375, 1711.307
687.86328125, 127.6328125, 1711.804
520.6640625, 174.78125, 1712.267
486.921875, 166.515625, 1712.473
1098.05859375, 510.66796875, 1713.605
593.4609375, 223.515625, 1714.089
1109.4140625, 490.140625, 1714.759
823.85546875, 502.609375, 1715.438
1051.86328125, 383.2421875, 1715.795
1075.67578125, 305.796875, 1716.197
1073.51953125, 301.13671875, 1716.419
641.09375, 346.4921875, 1717.225
788.35546875, 169.8671875, 1717.383
796.67578125, 163.79296875, 1717.589
741.6328125, 548.21875, 1717.951
742.69921875, 576.94140625, 1718.165
707.58984375, 618.0546875, 1718.801
595.44140625, 376.375, 1719.473
515.51171875, 349.22265625, 1719.701
511.0703125, 346.1875, 1719.962
786.3359375, 640.8984375, 1720.613
1029.453125, 786.45703125, 1720.789
839.24609375, 364.47265625, 1722.907
841.0234375, 359.8125, 1723.089
801.38671875, 395.83984375, 1724.071
799.671875, 433.9609375, 1724.199
752.703125, 447.05078125, 1725.088
754.953125, 441.93359375, 1725.253
815.90234375, 37.43359375, 1725.449
842.01953125, 24.52734375, 1725.647
842.01953125, 24.52734375, 1725.839
840.23046875, 25.59375, 1726.096
816.8515625, 70.765625, 1726.841
810.15234375, 468.0, 1727.259
743.18359375, 686.09375, 1727.511
715.8359375, 691.37890625, 1727.725
708.87890625, 686.26171875, 1727.963
624.73046875, 321.52734375, 1728.411
651.05078125, 248.171875, 1728.663
781.28515625, 132.23046875, 1728.855
784.83984375, 129.72265625, 1729.083
842.890625, 95.046875, 1730.021
854.6328125, 88.3203125, 1730.216
849.25, 76.7890625, 1730.881
842.16796875, 72.1875, 1731.109
683.64453125, 373.15625, 1731.676
698.70703125, 388.67578125, 1732.33
995.0390625, 400.11328125, 1732.688
758.3359375, 547.36328125, 1733.194
1034.20703125, 294.4453125, 1733.666
806.9375, 176.953125, 1734.171
889.60546875, 252.109375, 1735.2
734.6953125, 389.6875, 1735.891
897.32421875, 164.2578125, 1736.134
678.1796875, 291.93359375, 1736.657
684.53515625, 466.42578125, 1737.696
790.58984375, 287.98828125, 1737.908
811.79296875, 150.19140625, 1738.13
911.109375, 186.421875, 1738.478
923.38671875, 179.37109375, 1738.66
775.703125, 178.54296875, 1739.0
769.19921875, 181.63671875, 1739.255
731.77734375, 308.0390625, 1739.67
799.8515625, 110.4609375, 1739.948
604.88671875, 192.05859375, 1740.4
840.13671875, 95.6796875, 1741.518
866.09765625, 80.44140625, 1741.722
750.36328125, 139.73046875, 1742.1
718.234375, 175.31640625, 1744.369
809.671875, 124.0546875, 1744.803
829.1953125, 54.9140625, 1745.014
918.87890625, 88.3984375, 1745.472
946.22265625, 130.81640625, 1745.789
890.109375, 574.5546875, 1745.993
999.31640625, 104.75390625, 1746.38
980.34375, 28.23828125, 1746.588
954.640625, 10.6328125, 1746.844
954.640625, 10.6328125, 1747.172
954.640625, 10.6328125, 1747.444
967.0703125, 10.2734375, 1747.806
977.3125, 7.0703125, 1748.146
1011.50390625, 11.55078125, 1748.764
1114.43359375, 112.2421875, 1750.686
1101.18359375, 101.41796875, 1750.944
1100.82421875, 101.05859375, 1751.134
1018.96484375, 66.45703125, 1751.474
952.85546875, 47.63671875, 1751.663
1399.83203125, 752.06640625, 1752.372
1362.890625, 748.8046875, 1752.587
1353.203125, 751.3828125, 1752.766
1368.14453125, 763.30859375, 1754.034
1388.2734375, 738.66015625, 1754.909
497.4453125, 468.77734375, 1755.768
467.64453125, 534.703125, 1757.51
606.8203125, 471.8359375, 1758.336
821.71484375, 672.03515625, 1758.589
548.7109375, 369.95703125, 1759.03
292.5, 405.61328125, 1759.424
286.9296875, 424.8515625, 1759.637
485.5, 75.51953125, 1760.079
567.19140625, 29.2734375, 1760.83
640.52734375, 78.09765625, 1761.358
577.48046875, 53.01953125, 1761.784
449.22265625, 71.796875, 1763.114
426.5078125, 180.33984375, 1763.502
380.83984375, 229.44140625, 1763.752
350.890625, 295.48046875, 1763.98
353.3359375, 314.55078125, 1764.255
356.1328125, 321.23828125, 1764.46
1070.62890625, 260.32421875, 1766.14
1112.9375, 270.421875, 1766.297
596.265625, 326.88671875, 1766.76
923.87890625, 389.9921875, 1767.073
1106.3515625, 280.359375, 1767.263
802.109375, 479.14453125, 1767.517
681.1796875, 549.79296875, 1767.782
557.69921875, 565.83984375, 1768.087
1135.76171875, 336.01953125, 1768.229
1244.9609375, 267.6328125, 1768.409
994.54296875, 78.5625, 1768.665
988.98046875, 68.6171875, 1768.901
1025.14453125, 92.15625, 1769.164
1037.6171875, 95.6796875, 1769.402
903.78125, 542.62109375, 1810.817
662.98828125, 576.77734375, 1811.547
660.34375, 576.77734375, 1811.753
660.34375, 576.77734375, 1812.146
956.09765625, 387.40625, 1812.366
867.83984375, 373.9375, 1812.572
825.6640625, 381.828125, 1812.73
822.09765625, 384.671875, 1812.878
804.05859375, 404.92578125, 1816.33
440.04296875, 421.6171875, 1816.552
861.71484375, 399.78125, 1816.819
860.56640625, 403.91015625, 1816.985
615.82421875, 451.37890625, 1817.394
629.4609375, 450.16015625, 1817.6
629.4609375, 450.16015625, 1817.798
897.78125, 555.55859375, 1818.027
1397.04296875, 534.7109375, 1819.208
628.11328125, 474.44921875, 1823.062
841.5078125, 419.84765625, 1823.324
695.05859375, 437.71484375, 1823.824
674.93359375, 450.265625, 1823.988
0.0, 502.0078125, 1824.857
0.35546875, 547.66015625, 1825.038
1412.0, 198.71484375, 1825.458
1422.01171875, 165.21484375, 1825.63
237.9375, 364.56640625, 1826.57
0.0, 477.34375, 1826.862
4.875, 526.2265625, 1827.036
1107.66015625, 109.1328125, 1828.124
428.05078125, 594.21484375, 1828.436
1341.75, 789.3125, 1829.208
1341.75, 789.3125, 1829.398
1383.390625, 727.63671875, 1829.744
1376.60546875, 733.82421875, 1830.658
456.65625, 603.52734375, 1830.934
669.9453125, 682.6640625, 1831.177
726.71484375, 675.25, 1831.706
619.15234375, 681.45703125, 1831.982
396.984375, 517.765625, 1833.232
694.31640625, 400.87890625, 1833.879
487.9609375, 431.12890625, 1834.277
981.34375, 432.87890625, 1835.055
994.85546875, 469.63671875, 1835.277
991.26953125, 471.4140625, 1835.523
845.45703125, 459.80859375, 1836.281
778.6171875, 537.41015625, 1836.938
786.73828125, 549.37109375, 1837.419
790.29296875, 548.29296875, 1837.648
848.0390625, 534.515625, 1837.852
916.41015625, 149.734375, 1838.381
641.57421875, 222.21875, 1838.969
457.92578125, 472.29296875, 1839.177
739.28515625, 660.56640625, 1839.465
530.49609375, 590.73046875, 1840.419
969.0390625, 337.12109375, 1840.83
1031.37890625, 317.0, 1841.033
1049.55078125, 313.5, 1841.256
1180.16015625, 350.7109375, 1841.459
1423.40625, 787.5, 1842.535
1423.40625, 787.5, 1842.733
666.0234375, 315.6171875, 1843.759
432.90234375, 11.3828125, 1846.811
610.62109375, 41.8046875, 1847.292
673.75, 0.0, 1847.969
677.66015625, 0.0, 1848.191
533.73828125, 0.0, 1848.395
523.92578125, 3.0078125, 1848.615
723.40234375, 2.67578125, 1849.377
561.05859375, 61.95703125, 1849.741
1057.62890625, 84.625, 1850.295
1050.10546875, 117.80078125, 1850.509
621.16015625, 78.828125, 1851.083
468.1796875, 75.109375, 1851.265
931.05078125, 0.0, 1851.485
967.80078125, 0.35546875, 1851.691
1137.71484375, 135.16796875, 1852.141
1166.7265625, 170.61328125, 1852.335
1190.625, 449.12109375, 1853.075
1243.58984375, 576.00390625, 1853.273
1151.41015625, 652.3671875, 1853.453
544.3046875, 620.99609375, 1854.237
542.1484375, 620.27734375, 1854.427
1006.59765625, 400.33984375, 1854.891
961.9296875, 71.66015625, 1855.224
945.58984375, 24.171875, 1855.427
1034.08203125, 215.2421875, 1856.129
832.84765625, 365.75, 1856.483
999.1796875, 240.33203125, 1856.917
948.90625, 124.5078125, 1857.107
908.79296875, 103.54296875, 1857.327
581.53515625, 201.84765625, 1858.125
978.65234375, 358.46875, 1858.359
1108.83984375, 240.08203125, 1859.141
1160.4296875, 236.9140625, 1859.353
720.4609375, 374.33203125, 1859.695
932.77734375, 633.86328125, 1860.325
1166.8359375, 563.31640625, 1860.529
968.6875, 88.08203125, 1860.727
609.328125, 263.08203125, 1861.711
612.08203125, 125.6875, 1861.979
668.2734375, 79.58984375, 1862.198
782.0546875, 229.03515625, 1862.703
778.20703125, 469.71484375, 1862.94
768.546875, 485.5078125, 1863.248
699.58984375, 529.81640625, 1863.663
614.4609375, 588.7734375, 1863.891
908.10546875, 602.25390625, 1864.245
1154.4296875, 346.28125, 1864.767
680.9765625, 398.94140625, 1865.466
585.7890625, 512.84765625, 1865.703
588.68359375, 601.078125, 1865.917
589.39453125, 613.21875, 1866.145
462.19921875, 201.83203125, 1866.789
656.3828125, 58.86328125, 1867.337
891.703125, 37.2421875, 1867.589
911.18359375, 27.78515625, 1868.1
907.59375, 17.87890625, 1868.503
907.234375, 20.01171875, 1869.304
977.62890625, 44.87109375, 1869.621
1065.21484375, 75.83984375, 1869.891
1121.14453125, 175.546875, 1870.219
1150.53125, 203.65625, 1870.494
1154.94140625, 204.72265625, 1870.778
1154.94140625, 204.72265625, 1871.062
1132.06640625, 194.4453125, 1871.346
1096.9921875, 174.4609375, 1871.584
1041.03515625, 146.67578125, 1871.988
712.74609375, 437.95703125, 1874.877
584.9921875, 603.42578125, 1875.662
584.60546875, 600.19921875, 1876.932
665.27734375, 597.18359375, 1877.919
910.6953125, 686.6171875, 1878.526
897.61328125, 667.38671875, 1878.724
752.13671875, 246.7734375, 1879.381
833.9765625, 182.8203125, 1880.031
857.98046875, 177.57421875, 1880.212
900.625, 459.0625, 1880.685
672.16015625, 304.7734375, 1881.52
672.16015625, 304.7734375, 1881.7
881.7421875, 187.1640625, 1882.041
572.7109375, 358.0234375, 1882.33
647.28515625, 387.28125, 1882.536
925.1796875, 133.81640625, 1883.25
919.8515625, 4.35546875, 1883.442
922.328125, 1.8359375, 1883.772
907.3828125, 85.33984375, 1884.512
612.2890625, 159.6171875, 1884.892
1052.9375, 473.44921875, 1886.199
1016.359375, 514.66015625, 1886.646
767.1796875, 579.91796875, 1887.772
1037.17578125, 88.484375, 1888.82
1039.28125, 77.6875, 1889.032
1040.34765625, 77.328125, 1889.325
1020.8203125, 50.98828125, 1889.625
1035.671875, 321.359375, 1890.214
1061.6171875, 260.48828125, 1890.411
1012.3203125, 182.7890625, 1890.616
747.53515625, 517.6328125, 1899.075
740.7421875, 527.73046875, 1899.461
1324.36328125, 79.76171875, 1906.389
1322.921875, 74.01171875, 1906.909
